year	month	day	hour	minute	second	x	y	z	ref_vec_x	ref_vec_y	ref_vec_z	rotation_11	rotation_12	rotation_13	rotation_21	rotation_22	rotation_23	rotation_31	rotation_32	rotation_33
2017	1	26	12	21	3.779	-1.22531000342	1.08670534099	1.53901268986	0.16891854521	-0.980891022711433	0.0965366596079227	-0.985625748708576	0.16891854521	0.00289975288534623	-0.167817488675697	-0.980891022711433	0.0984382652158257	0.0194723901265711	0.0965366596079227	0.995138934709372
2017	1	26	12	21	3.793	-1.22526027286	1.08666328536	1.5389924263	0.169016943640589	-0.980897473939169	0.0962985897204718	-0.985609397409828	0.169016943640589	0.00271817950652086	-0.167938187162668	-0.980897473939169	0.0981677692130889	0.0192582717280705	0.0962985897204718	0.995166167324782
2017	1	26	12	21	3.795	-1.22521020058	1.08662060315	1.53897083011	0.169113646411589	-0.980904755588358	0.0960543339028482	-0.985593277301161	0.169113646411589	0.00254289915903137	-0.168056595313471	-0.980904755588358	0.0978919875974959	0.0190492128551661	0.0960543339028482	0.995193796417602
2017	1	26	12	21	3.809	-1.22516003885	1.08657706938	1.53894788871	0.169207307456365	-0.980913056212498	0.0958042966428129	-0.985577622618294	0.169207307456365	0.00237421512051652	-0.168171337215103	-0.980913056212498	0.0976113594370083	0.0188454539174634	0.0958042966428129	0.995221777098663
2017	1	26	12	21	3.812	-1.22511001867	1.08653249541	1.53892360645	0.169296782951222	-0.980922533104533	0.0955488531074669	-0.985562633751943	0.169296782951222	0.00221229164016662	-0.168281253158049	-0.980922533104533	0.0973262754005422	0.0186471120415747	0.0955488531074669	0.995250070023789
2017	1	26	12	21	3.826	-1.22506033888	1.08648674605	1.53889800696	0.169381272202783	-0.980933290402988	0.0952883225066595	-0.985548452850152	0.169381272202783	0.00205711245159402	-0.168385544190246	-0.980933290402988	0.0970370459511264	0.0184541483798728	0.0952883225066595	0.995278644401376
2017	1	26	12	21	3.829	-1.2250111559	1.08643975512	1.53887113579	0.169460446696511	-0.980945358360011	0.0950229494247002	-0.985535141365449	0.169460446696511	0.0019084389442898	-0.168483904693316	-0.980945358360011	0.096743877177027	0.0182663349656859	0.0950229494247002	0.995307480173616
2017	1	26	12	21	3.843	-1.22496257674	1.08639153511	1.53884306252	0.169534533174018	-0.980958679234167	0.0947528980909124	-0.98552266543129	0.169534533174018	0.00176578103781425	-0.168576607658285	-0.980958679234167	0.0964468609420951	0.0180832317805885	0.0947528980909124	0.995336568720221
2017	1	26	12	21	3.859	-1.22491465684	1.08634217767	1.53881388137	0.169604327553655	-0.980973103679172	0.0944782616961398	-0.985510893100516	0.169604327553655	0.00162839040004853	-0.1686645186431	-0.980973103679172	0.0961459828018997	0.0179041819448384	0.0944782616961398	0.99536591178107
2017	1	26	12	21	3.859	-1.22486740257	1.08629184534	1.53878371006	0.169671141226069	-0.980988397579973	0.0941990851787884	-0.985499603238651	0.169671141226069	0.00149527639758876	-0.168749039975718	-0.980988397579973	0.0958411462825392	0.0177283254633828	0.0941990851787884	0.995395518790267
2017	1	26	12	21	3.862	-1.22482077679	1.08624075786	1.53875268792	0.169736706070796	-0.981004255301405	0.093915396462832	-0.985488501577743	0.169736706070796	0.00136523634947126	-0.168832012375223	-0.981004255301405	0.095532207542103	0.0175546249001917	0.093915396462832	0.995425403258246
2017	1	26	12	21	3.87	-1.22477470483	1.08618917795	1.53872097381	0.169803073077896	-0.981020313906455	0.0936272400329239	-0.985477237930518	0.169803073077896	0.00123688889507855	-0.168915609926227	-0.981020313906455	0.0952190129445314	0.0173818941455428	0.0936272400329239	0.995455578958564
2017	1	26	12	21	3.879	-1.22472908014	1.08613739867	1.53868874487	0.169872521047389	-0.981036165803917	0.0933347093944899	-0.985465421698923	0.169872521047389	0.00110870589827429	-0.169002245309968	-0.981036165803917	0.0949014355262273	0.0172088266873036	0.0933347093944899	0.995486056309325
2017	1	26	12	21	3.887	-1.22468377066	1.08608573095	1.53865619498	0.169947461373776	-0.981051372156074	0.0930379791445071	-0.985452638047907	0.169947461373776	0.00097904904311346	-0.169094470762787	-0.981051372156074	0.0945794118618739	0.0170340283513048	0.0930379791445071	0.9955168387902
2017	1	26	12	21	3.895	-1.22463862785	1.08603448806	1.53862353256	0.170030315631072	-0.981065480879113	0.0927373387252002	-0.985438468743102	0.170030315631072	0.000846219622231	-0.169194850753146	-0.981065480879113	0.0942529824783016	0.0168560612205689	0.0927373387252002	0.995547919090938
2017	1	26	12	21	3.909	-1.22459349782	1.08598396705	1.53859097742	0.170123364031789	-0.981078049657574	0.0924332271999515	-0.985422518014351	0.170123364031789	0.000708520122601841	-0.169305804638427	-0.981078049657574	0.09392233491468	0.016673497113431	0.0924332271999515	0.995579275097373
2017	1	26	12	21	3.912	-1.22454823291	1.08593443028	1.53855875727	0.170228586551294	-0.981088670683472	0.0921262643185202	-0.985404439743938	0.170228586551294	0.000564317007938688	-0.169429442111752	-0.981088670683472	0.0935878432395878	0.0164849712962217	0.0921262643185202	0.995610866324829
2017	1	26	12	21	3.92	-1.2245027017	1.08588609002	1.53852710402	0.170347520942315	-0.981096993663008	0.091817270348319	-0.985383961856989	0.170347520942315	0.000412096871014749	-0.169567416428199	-0.981096993663008	0.0932500955027629	0.0162892295977803	0.091817270348319	0.995642631602773
2017	1	26	12	21	3.929	-1.22445679715	1.08583909812	1.53849624935	0.170481151964335	-0.981102745320804	0.0915072671917143	-0.985360905489201	0.170481151964335	0.000250516296035215	-0.169720809747528	-0.981102745320804	0.0929099018545704	0.0160851693228482	0.0915072671917143	0.995674488665326
2017	1	26	12	21	3.937	-1.22441044291	1.085793541	1.53846641876	0.170629839395812	-0.981105744371573	0.0911974575789312	-0.985335197663016	0.170629839395812	7.84483515592869e-05	-0.169890057881249	-0.981105744371573	0.0925682807132526	0.0158718769996001	0.0911974575789312	0.995706335849908
2017	1	26	12	21	3.946	-1.22436359764	1.0857494396	1.53843782516	0.170793288063554	-0.981105911006666	0.0908891860466391	-0.985306876933734	0.170793288063554	-0.000104973960663758	-0.17007491754672	-0.981105911006666	0.0922264268485829	0.0156486641145133	0.0908891860466391	0.995738055500145
2017	1	26	12	21	3.954	-1.22431625765	1.08570675295	1.53841066271	0.170970554403989	-0.981103271003404	0.0905838901417588	-0.985276092948563	0.170970554403989	-0.000300317843091222	-0.170274470554848	-0.981103271003404	0.0918856697406486	0.015415101079143	0.0905838901417588	0.995769518264897
2017	1	26	12	21	3.962	-1.22426845822	1.0856653827	1.53838510151	0.171160076469204	-0.981097955889145	0.0902830503095524	-0.985243102157435	0.171160076469204	-0.000507813203430364	-0.170487151627892	-0.981097955889145	0.0915474307665112	0.0151710507546962	0.0902830503095524	0.995800587490187
2017	1	26	12	21	3.97	-1.22422027378	1.08562517765	1.53836128355	0.171359720966425	-0.98109019975341	0.0899881435419287	-0.985208260744011	0.171359720966425	-0.000727318409494351	-0.170710793445432	-0.98109019975341	0.0912131840746979	0.0149167008078442	0.0899881435419287	0.995831123262818
2017	1	26	12	21	3.979	-1.22417181613	1.08558593904	1.5383393202	0.171566854065147	-0.981080331380414	0.0897006018078236	-0.985172013535922	0.171566854065147	-0.000958296282932355	-0.170942696228785	-0.981080331380414	0.0908844210221451	0.0146525885634818	0.0897006018078236	0.995860986123919
2017	1	26	12	21	3.987	-1.22412323028	1.08554742867	1.53831929122	0.171778439591583	-0.981068761054232	0.0894217746133153	-0.985134878152767	0.171778439591583	-0.00119980765698836	-0.171179726112729	-0.981068761054232	0.0905626161916979	0.0143796110831964	0.0894217746133153	0.995890040622006
2017	1	26	12	21	3.995	-1.22407468872	1.08550937912	1.5383012451	0.171991155185996	-0.981055963550091	0.0891528963107141	-0.98509742590236	0.171991155185996	-0.00145052346807239	-0.171418432947358	-0.981055963550091	0.0902491951691241	0.0140990186331223	0.0891528963107141	0.995918158662143
2017	1	26	12	21	4.009	-1.22402638437	1.08547150541	1.53828520041	0.17220151842969	-0.981042458536258	0.0888950594782596	-0.985060260700392	0.17220151842969	-0.00170875375175378	-0.171655179352787	-0.981042458536258	0.0899455054491138	0.0138123926326098	0.0888950594782596	0.995945222494751
2017	1	26	12	21	4.012	-1.22397852224	1.08543351786	1.5382711484	0.172406022784501	-0.98102878839216	0.0886491943191838	-0.98502399593935	0.172406022784501	-0.00197249367695453	-0.171886280845629	-0.98102878839216	0.0896527902681652	0.0135216079196535	0.0886491943191838	0.995971127325399
2017	1	26	12	21	4.026	-1.22393131045	1.08539513544	1.53825905646	0.172601274722029	-0.981015494994929	0.0884160536564824	-0.984989230741866	0.172601274722029	-0.00223948361871411	-0.172108148157624	-0.981015494994929	0.0893721652283792	0.0132287815123402	0.0884160536564824	0.995995783522959
2017	1	26	12	21	4.028	-1.2238849519	1.08535609678	1.53824887165	0.17278411270284	-0.981003098806154	0.0881962047381588	-0.984956528976296	0.17278411270284	-0.0025072743089745	-0.17231741164986	-0.981003098806154	0.0891046001899768	0.0129362154149054	0.0881962047381588	0.996019118190271
2017	1	26	12	21	4.042	-1.223839637	1.08531616687	1.53824052413	0.172951700107722	-0.980992081608295	0.0879900292741922	-0.984926402475787	0.172951700107722	-0.00277328973454905	-0.172511019293746	-0.980992081608295	0.0888509090783964	0.0126463405116271	0.0879900292741922	0.996041075869861
2017	1	26	12	21	4.045	-1.22379553687	1.08527514022	1.53823393094	0.173101602917641	-0.980982871189207	0.0877977306126055	-0.984899296640609	0.173101602917641	-0.00303488783585475	-0.172686319027651	-0.980982871189207	0.0886117467047153	0.0123616624089642	0.0877977306126055	0.996061618476369
2017	1	26	12	21	4.059	-1.2237527964	1.08523284222	1.53822900001	0.173231860019576	-0.980975826962801	0.0876193448321009	-0.984875577107652	0.173231860019576	-0.00328942107776186	-0.172841133601316	-0.980975826962801	0.0883876091432547	0.012084707372583	0.0876193448321009	0.996080724770293
2017	1	26	12	21	4.075	-1.22371152848	1.08518912907	1.53822563358	0.173341036201776	-0.980971228618968	0.0874547528170254	-0.984855519318439	0.173341036201776	-0.00353429434304521	-0.172973817853901	-0.980971228618968	0.0881788350957191	0.0118179695825594	0.0874547528170254	0.996098389620553
2017	1	26	12	21	4.076	-1.22367181033	1.08514388574	1.53822373036	0.173428243731377	-0.980969270539679	0.087303691405916	-0.984839303578274	0.173428243731377	-0.00376701522556656	-0.173083283990042	-0.980969270539679	0.0879856071188445	0.0115638631383242	0.087303691405916	0.996114623191638
2017	1	26	12	21	4.078	-1.22363368224	1.08509702256	1.53822318616	0.173493133971236	-0.980970061946512	0.0871657617961057	-0.984827015450021	0.173493133971236	-0.00398523583269428	-0.173168996277606	-0.980970061946512	0.0878079511938581	0.0113246795985462	0.0871657617961057	0.996129450223461
2017	1	26	12	21	4.087	-1.22359714777	1.08504847265	1.53822389356	0.173535875388432	-0.980973630091363	0.087040433239637	-0.984818648656583	0.173535875388432	-0.00418679010608531	-0.173230951859268	-0.980973630091363	0.0876457322595075	0.0111025481829167	0.087040433239637	0.996142909629588
2017	1	26	12	21	4.096	-1.22356217438	1.08499819169	1.53822574129	0.173557130333976	-0.980979924364905	0.0869270412660018	-0.984814108333588	0.173557130333976	-0.0043697296660533	-0.173269660301606	-0.980979924364905	0.0874986446294556	0.0108993965927006	0.0869270412660018	0.996155054522464
2017	1	26	12	21	4.104	-1.22352869486	1.08494615914	1.53822861311	0.173558027239629	-0.980988821780713	0.0868247817272075	-0.984813215249344	0.173558027239629	-0.00453235600300903	-0.173286118348555	-0.980988821780713	0.0873661990072789	0.0107169145718456	0.0868247817272075	0.996165952550117
2017	1	26	12	21	4.112	-1.22349660981	1.08489237928	1.53823238599	0.173540118772848	-0.981000135269033	0.0867327030504891	-0.984815712689109	0.173540118772848	-0.00467324479864945	-0.17328177007658	-0.981000135269033	0.0872477092035416	0.0105565240382211	0.0867327030504891	0.996175686323344
2017	1	26	12	21	4.122	-1.22346579134	1.08483688124	1.53823692774	0.173505323146883	-0.981013625054503	0.0866496987710713	-0.984821276508271	0.173505323146883	-0.00479126040977647	-0.173258449484932	-0.981013625054503	0.0871422810092731	0.0104193578830955	0.0866496987710713	0.996184353763994
2017	1	26	12	21	4.129	-1.22343608788	1.08477971797	1.53824209415	0.173455851981406	-0.981029012341273	0.0865745017780139	-0.984829527740723	0.173455851981406	-0.00488556070359688	-0.173218308923959	-0.981029012341273	0.0870488046915681	0.010306247789956	0.0865745017780139	0.996192068277187
2017	1	26	12	21	4.137	-1.2234073296	1.08472096448	1.53824772615	0.173394129107649	-0.981045994382039	0.0865056813044992	-0.984840046956313	0.173394129107649	-0.00495559301067953	-0.17316373780859	-0.981045994382039	0.0869659520451154	0.0102177208439655	0.0865056813044992	0.996198958683856
2017	1	26	12	21	4.145	-1.2233793343	1.08466071537	1.53825364712	0.173322704180351	-0.981064260132287	0.0864416433595502	-0.984852389647001	0.173322704180351	-0.00500108210323732	-0.173097275542901	-0.981064260132287	0.0868921785358985	0.0101540044424905	0.0864416433595502	0.996205168871896
2017	1	26	12	21	4.154	-1.22335191352	1.08459908193	1.53825966066	0.173244164586026	-0.981083505785395	0.0863806350562913	-0.98486610198493	0.173244164586026	-0.00502201134013186	-0.173021522225201	-0.981083505785395	0.0868257307640566	0.0101150386991196	0.0863806350562913	0.996210857137879
2017	1	26	12	21	4.163	-1.22332487863	1.08453618898	1.538265549	0.173161048819358	-0.981103449564939	0.0863207531452169	-0.984880736354186	0.173161048819358	-0.0050185984314918	-0.172939050407577	-0.981103449564939	0.0867646592565366	0.0101004951641983	0.0863207531452169	0.996216195197549
2017	1	26	12	21	4.17	-1.22329804667	1.08447217172	1.5382710722	0.173075764190437	-0.981123845240871	0.0862599568146343	-0.98489586611912	0.173075764190437	-0.00499126751081367	-0.172852320891911	-0.981123845240871	0.0867068363051381	0.0101098003812116	0.0862599568146343	0.996221366859088
2017	1	26	12	21	4.179	-1.22327124572	1.08440717261	1.5382759682	0.172990511508166	-0.981144493911988	0.0861960845649738	-0.984911099140176	0.172990511508166	-0.00494061925604568	-0.172763605329593	-0.981144493911988	0.0866499783018409	0.0101421626890222	0.0861960845649738	0.996226566370149
2017	1	26	12	21	4.188	-1.22324431951	1.08434133852	1.53827995385	0.172907219297832	-0.981165253609194	0.0861268751592544	-0.984926089575195	0.172907219297832	-0.00486740062112828	-0.172674918283404	-0.981165253609194	0.0865916722660205	0.0101966009010199	0.0861268751592544	0.996231996427221
2017	1	26	12	21	4.195	-1.22321713112	1.08427481796	1.53828272711	0.172827490696386	-0.981186046097981	0.0860499936211571	-0.984940547413505	0.172827490696386	-0.00477247528800471	-0.172587961941521	-0.981186046097981	0.0865294073450341	0.01027197418495	0.0860499936211571	0.996237865744995
2017	1	26	12	21	4.204	-1.22318956526	1.08420775806	1.5382839709	0.172752566599574	-0.981206860107342	0.0859630642284879	-0.984954245124464	0.172752566599574	-0.00465679552440168	-0.172504087053893	-0.981206860107342	0.0864606131599474	0.0103670131184937	0.0859630642284879	0.996244385995449
2017	1	26	12	21	4.212	-1.22316152902	1.0841403009	1.53828335864	0.17268330694858	-0.981227750564575	0.085863711911887	-0.98496702110205	0.17268330694858	-0.00452137619064161	-0.17242427199116	-0.981227750564575	0.0863827063149987	0.0104803516006424	0.085863711911887	0.996251767981889
2017	1	26	12	21	4.22	-1.2231329513	1.08407257958	1.53828056134	0.172620189042114	-0.981248834098361	0.0857496117523056	-0.984978780112007	0.172620189042114	-0.00436727193178858	-0.17234911887985	-0.981248834098361	0.086293144582554	0.0106105584396209	0.0857496117523056	0.996260217078815
2017	1	26	12	21	4.229	-1.22310378129	1.08400471434	1.53827525616	0.172563320359361	-0.981270281406043	0.0856185452799721	-0.984989491190591	0.172563320359361	-0.0041955584436102	-0.172278864371889	-0.981270281406043	0.0861894872942093	0.0107561672929429	0.0856185452799721	0.996269928066339
2017	1	26	12	21	4.242	-1.22307398619	1.08393680883	1.53826713582	0.172512463832488	-0.981292306989634	0.0854684624022592	-0.984999183362103	0.172512463832488	-0.00400731811007618	-0.172213403008401	-0.981292306989634	0.086069460711847	0.0109157042950563	0.0854684624022592	0.99628107948226
2017	1	26	12	21	4.245	-1.2230435487	1.08386894677	1.53825591891	0.172467074011269	-0.981315156681527	0.0852975477320517	-0.985007939451422	0.172467074011269	-0.00380362980004019	-0.17215232160057	-0.981315156681527	0.0859310271941621	0.0110877132537749	0.0852975477320517	0.996293827626017
2017	1	26	12	21	4.259	-1.22301246416	1.08380118905	1.53824136076	0.17242634239715	-0.981339093455054	0.0851042895766913	-0.985015888292931	0.17242634239715	-0.00358556244252967	-0.172094942882733	-0.981339093455054	0.0857724564822616	0.0112707783527765	0.0851042895766913	0.996308300402526
2017	1	26	12	21	4.262	-1.22298073812	1.08373357151	1.53822326446	0.172389249579954	-0.981364382158669	0.0848875494969319	-0.985023195746351	0.172389249579954	-0.00335417216419618	-0.172040376076645	-0.981364382158669	0.0855923970323316	0.0114635440005829	0.0848875494969319	0.996324591234881
2017	1	26	12	21	4.276	-1.22294838411	1.08366610349	1.53820149184	0.172354621611233	-0.981391273836994	0.084646630445935	-0.985030054962677	0.172354621611233	-0.0031105030903971	-0.171987571841242	-0.981391273836994	0.0853899453610073	0.0116647311319416	0.084646630445935	0.996342753274077
2017	1	26	12	21	4.279	-1.22291542178	1.083598767	1.53817597418	0.172321188910816	-0.981419990109532	0.0843813419291851	-0.985036676194024	0.172321188910816	-0.00285559188132847	-0.171935379939891	-0.981419990109532	0.0851647118138286	0.0118731494370757	0.0843813419291851	0.99636279409494
2017	1	26	12	21	4.292	-1.22288187539	1.08353151634	1.53814672251	0.172287646906893	-0.981450707889784	0.084092060897136	-0.985043276287891	0.172287646906893	-0.00259047549741453	-0.171882608809275	-0.981450707889784	0.0849168815463668	0.0120877056935863	0.084092060897136	0.996384671030791
2017	1	26	12	21	4.309	-1.22284777236	1.08346427793	1.53811383715	0.172252716448295	-0.981483544998937	0.0837797861808099	-0.985050068214319	0.172252716448295	-0.00231620101667443	-0.171828085015003	-0.981483544998937	0.0846472686883398	0.0123074087867195	0.0837797861808099	0.996408287358377
2017	1	26	12	21	4.309	-1.2228131427	1.08339695058	1.538077516	0.172215199639578	-0.981518547761826	0.0834461827324384	-0.985057251394185	0.172215199639578	-0.0020338359897869	-0.171770708198194	-0.981518547761826	0.0843573601092768	0.0125313718652055	0.0834461827324384	0.996433489655261
2017	1	26	12	21	4.312	-1.22277801964	1.08332940682	1.53803806088	0.172174026103451	-0.981555681799859	0.0830936114375954	-0.985065003709046	0.172174026103451	-0.00174447786621077	-0.171709496494924	-0.981555681799859	0.0840493446724825	0.0127588119022647	0.0830936114375954	0.996460066664541
2017	1	26	12	21	4.32	-1.22274244195	1.08326149547	1.53799588122	0.172128286210445	-0.981594826866379	0.0827251410117814	-0.985073475801516	0.172128286210445	-0.00144926138950137	-0.171643618973295	-0.981594826866379	0.0837261245664353	0.012989046849951	0.0827251410117814	0.996487749902883
2017	1	26	12	21	4.329	-1.22270645779	1.08319304555	1.53795149464	0.172077249258699	-0.981635776228209	0.0823445390806297	-0.985082788019346	0.172077249258699	-0.00114936312495641	-0.171572413095355	-0.981635776228209	0.0833913058626549	0.0132214905616018	0.0823445390806297	0.996516216160544
2017	1	26	12	21	4.337	-1.22267013017	1.08312387182	1.53790552395	0.172020365060149	-0.98167824096157	0.0819562397085874	-0.985093030269222	0.172020365060149	-0.000846002113149965	-0.171495385674669	-0.98167824096157	0.0830491656483982	0.0134556459264914	0.0819562397085874	0.996545091988079
2017	1	26	12	21	4.345	-1.22263354368	1.08305378141	1.53785869023	0.17195724808926	-0.981721859323055	0.0815652852434875	-0.985104264917847	0.17195724808926	-0.000540435229559395	-0.171412196462744	-0.981721859323055	0.0827045937726575	0.0136910972710796	0.0815652852434875	0.99657396017489
2017	1	26	12	21	4.359	-1.22259681223	1.08298258129	1.53781180202	0.171887644800186	-0.981766210990972	0.0811772414009888	-0.985116532616616	0.171887644800186	-0.000233945422695727	-0.171322624900195	-0.981766210990972	0.0823630084063017	0.0139275038223985	0.0811772414009888	0.99660236810666
2017	1	26	12	21	4.362	-1.22256008704	1.08291008568	1.53776574043	0.171811384876292	-0.981810835943802	0.0807980844464984	-0.985129860889959	0.171811384876292	7.2179089813852e-05	-0.171226520724161	-0.981810835943802	0.0820302445688863	0.014164596133629	0.0807980844464984	0.996629837886739
2017	1	26	12	21	4.376	-1.22252356515	1.08283612371	1.53772143993	0.171728315242344	-0.981855258200135	0.0804340580150787	-0.985144275656665	0.171728315242344	0.000376676163498156	-0.171123737253419	-0.981855258200135	0.081712413335857	0.0144021765483221	0.0804340580150787	0.996655878235762
2017	1	26	12	21	4.379	-1.22248749794	1.0827605471	1.53767986431	0.171638214916202	-0.981899014814758	0.080091496965574	-0.985159815978095	0.171638214916202	0.000678352699575223	-0.171014045455984	-0.981899014814758	0.0814157292087092	0.0146401242748936	0.080091496965574	0.996679998231643
2017	1	26	12	21	4.392	-1.22245219972	1.08268323767	1.53764197776	0.171540690356796	-0.981941690107295	0.0797766180101841	-0.985176552046547	0.171540690356796	0.000976140149643539	-0.170897028450976	-0.981941690107295	0.0811463054972636	0.0148784059732266	0.0797766180101841	0.996701722811069
2017	1	26	12	21	4.409	-1.22241805546	1.08260411423	1.53760871148	0.171435052833893	-0.98198295453526	0.07949528075328	-0.985194606099404	0.171435052833893	0.00126916211775845	-0.17077195799089	-0.98198295453526	0.0809099213085772	0.0151170922005027	0.07949528075328	0.996720609730409
2017	1	26	12	21	4.409	-1.22238552676	1.08252313843	1.53758092736	0.171320184757355	-0.982022606332256	0.0792527283259561	-0.985214175009385	0.171320184757355	0.00155680932786466	-0.170637660097347	-0.982022606332256	0.0807117687137654	0.0153563770818472	0.0792527283259561	0.99673626739264
2017	1	26	12	21	4.425	-1.2223551544	1.08244032052	1.53755938144	0.171194413208381	-0.982060611454337	0.0790533257755235	-0.985235551358666	0.171194413208381	0.00183881081764828	-0.170492388622336	-0.982060611454337	0.0805561968552596	0.0155965945268635	0.0790533257755235	0.996748372420539
2017	1	26	12	21	4.426	-1.22232755515	1.08235572525	1.53754469181	0.17105541507104	-0.982097135340266	0.0789003278276974	-0.985259138774736	0.17105541507104	0.00211528620734303	-0.170333731690921	-0.982097135340266	0.0804464828609016	0.0158382230414332	0.0789003278276974	0.996756684933476
2017	1	26	12	21	4.429	-1.22230341156	1.08226947644	1.53753731657	0.170900168868963	-0.982132560738725	0.078795719537004	-0.985285458955307	0.170900168868963	0.00238676596889151	-0.170158566290759	-0.982132560738725	0.0803846717643833	0.0160818745519207	0.078795719537004	0.996761058575997
2017	1	26	12	21	4.437	-1.2222834551	1.08218175736	1.53753754493	0.170724951740935	-0.982167489541002	0.0787401634604714	-0.98531515070401	0.170724951740935	0.00265417523715735	-0.16996305906659	-0.982167489541002	0.0803715188450062	0.0163282683056401	0.0787401634604714	0.996761443030557
2017	1	26	12	21	4.445	-1.22226844522	1.08209280711	1.53754550042	0.170525369110108	-0.982202731653871	0.0787330452956981	-0.985348963138831	0.170525369110108	0.0029187893196503	-0.169742700200159	-0.982202731653871	0.0804065274740315	0.016578195619254	0.0787330452956981	0.996757879832648
2017	1	26	12	21	4.454	-1.22225914821	1.0820029159	1.5375611496	0.170296403140766	-0.982239287169975	0.078772570207767	-0.985387745420228	0.170296403140766	0.00318217739259161	-0.169492355871368	-0.982239287169975	0.0804880366327416	0.0168324827881657	0.078772570207767	0.996750495212342
2017	1	26	12	21	4.462	-1.22225631866	1.081912422	1.53758431089	0.170032470659096	-0.982278327081544	0.0788558626066938	-0.985432434510845	0.170032470659096	0.00344614793525565	-0.169206329717969	-0.982278327081544	0.0806133123575498	0.0170919570968861	0.0788558626066938	0.996739493516311
2017	1	26	12	21	4.476	-1.22226068411	1.08182171135	1.53761466087	0.169727486640529	-0.982321174645356	0.0789790486271948	-0.98548404154174	0.169727486640529	0.00371270053285745	-0.168878429477221	-0.982321174645356	0.0807786227951123	0.0173574169698407	0.0789790486271948	0.996725152664504
2017	1	26	12	21	4.479	-1.22227293296	1.08173121865	1.53765173774	0.169374932001734	-0.982369287588296	0.0791373187103987	-0.985543636927313	0.169374932001734	0.00398398311892985	-0.168502037782003	-0.982369287588296	0.0809792940607394	0.0176296050833931	0.0791373187103987	0.996707821686944
2017	1	26	12	21	4.492	-1.22229370431	1.08164142873	1.53769494255	0.168967924855433	-0.982424240936088	0.0793249720529453	-0.985612334322795	0.168967924855433	0.00426225302158784	-0.168070186476374	-0.982424240936088	0.0812097484231351	0.0179091833584999	0.0793249720529453	0.996687920043296
2017	1	26	12	21	4.495	-1.22232358017	1.08155287734	1.53774353855	0.168499294525137	-0.982487710205721	0.0795354451754086	-0.985691273519243	0.168499294525137	0.00454984093617271	-0.167575633869298	-0.982487710205721	0.0814635269800069	0.0181967096288412	0.0795354451754086	0.996665938376261
2017	1	26	12	21	4.509	-1.22236307927	1.08146614965	1.53779664945	0.167961658109558	-0.982561454595747	0.0797613273947816	-0.985781602320266	0.167961658109558	0.00484911661817082	-0.16701094483816	-0.982561454595747	0.0817332994987629	0.0184926155844316	0.0797613273947816	0.996642440306988
2017	1	26	12	21	4.512	-1.22241265229	1.08138187593	1.5378532574	0.167347499551438	-0.982647299756238	0.0799943665245054	-0.98588445746213	0.167347499551438	0.0051624537269084	-0.166368573944915	-0.982647299756238	0.0820108644346018	0.0187971843140456	0.0799943665245054	0.996618064850426
2017	1	26	12	21	4.526	-1.22247267823	1.08130072294	1.53791220156	0.166649250484698	-0.982747119820393	0.0802254685097557	-0.986000944803109	0.166649250484698	0.00549219084382908	-0.165640951060364	-0.982747119820393	0.0822871424740208	0.0191105253511001	0.0802254685097557	0.996593528989224
2017	1	26	12	21	4.542	-1.22254346137	1.08122337997	1.53797217813	0.165859370727026	-0.98286281857846	0.0804446952759412	-0.986132119285425	0.165859370727026	0.0058405869286094	-0.164820567457376	-0.98286281857846	0.0825521677427852	0.0194325463247758	0.0804446952759412	0.996569629852975
2017	1	26	12	21	4.542	-1.22262522884	1.08115053823	1.53803174325	0.164970424402856	-0.982996309776735	0.0806412675846689	-0.986278965516204	0.164970424402856	0.0062097707387007	-0.163900058274546	-0.982996309776735	0.0827950835673296	0.0197629217952746	0.0806412675846689	0.996547245686049
2017	1	26	12	21	4.545	-1.22271812891	1.08108286123	1.53808932038	0.163975146051491	-0.983149496279265	0.0808035855839377	-0.986442380094827	0.163975146051491	0.00660168389470787	-0.16287227544889	-0.983149496279265	0.0830041556545777	0.020101060742017	0.0808035855839377	0.996527334253218
2017	1	26	12	21	4.553	-1.22282223006	1.08102094379	1.53814321458	0.162866490948821	-0.983324247312068	0.0809192855515447	-0.986623156807064	0.162866490948821	0.00701801810209048	-0.161730344827633	-0.983324247312068	0.0831668215702018	0.0204460757603661	0.0809192855515447	0.996510926789982
2017	1	26	12	21	4.562	-1.2229375216	1.08096526209	1.53819163526	0.161637667081705	-0.983522372846738	0.0809753461882435	-0.986821975182479	0.161637667081705	0.00746015263489839	-0.160467703902367	-0.983522372846738	0.0832697911263396	0.0207967617973165	0.0809753461882435	0.996499115909513
2017	1	26	12	21	4.575	-1.22306391757	1.08091612438	1.53823272654	0.160282153688861	-0.983745595023723	0.0809582329370031	-0.987039391539939	0.160282153688861	0.00792910823019469	-0.159078123644224	-0.983745595023723	0.0832991887670853	0.0211515986700437	0.0809582329370031	0.99649303780479
2017	1	26	12	21	4.579	-1.22320126483	1.08087363584	1.53826460035	0.158793719671244	-0.983995517304616	0.0808540445332882	-0.987275830219715	0.158793719671244	0.00842553600327246	-0.157555726592066	-0.983995517304616	0.083240704841242	0.0215087908079057	0.0808540445332882	0.996493851160453
2017	1	26	12	21	4.592	-1.22334935449	1.08083768013	1.53828536791	0.157166457735009	-0.984273590626349	0.080648641393042	-0.987531572474137	0.157166457735009	0.00894974467721316	-0.15589501697976	-0.984273590626349	0.0830797356543345	0.0218663450909824	0.080648641393042	0.996502714293252
2017	1	26	12	21	4.595	-1.2235079332	1.08080790875	1.53829316935	0.155394844711069	-0.984581073430086	0.08032777900877	-0.98780674172767	0.155394844711069	0.00950174902773295	-0.154090934184636	-0.984581073430086	0.0828015328684511	0.02222217359912	0.08032777900877	0.996520758900711
2017	1	26	12	21	4.609	-1.22367671097	1.08078372831	1.53828620425	0.153473830416083	-0.98491898276109	0.0798772857217539	-0.988101285511912	0.153473830416083	0.0100813167354881	-0.152138932876992	-0.98491898276109	0.0823913982155269	0.0225742037014831	0.0798772857217539	0.996549057775366
2017	1	26	12	21	4.612	-1.22385536362	1.08076428436	1.53826276483	0.151398952897666	-0.985288036406221	0.0792833045241176	-0.988414955242682	0.151398952897666	0.0106879986011182	-0.150035088497202	-0.985288036406221	0.0818349407918808	0.0229204815011414	0.0792833045241176	0.99658858570199
2017	1	26	12	21	4.625	-1.22404352885	1.08074844543	1.5382212725	0.149166477963028	-0.985688588131524	0.078532598832517	-0.988747285067128	0.149166477963028	0.0113211361836463	-0.147776226403653	-0.985688588131524	0.0811183958000884	0.0232592601404131	0.078532598832517	0.996640174655995
2017	1	26	12	21	4.628	-1.22424079552	1.0807347922	1.53816031755	0.146773562246258	-0.986120558932313	0.0776129156556194	-0.989097570862283	0.146773562246258	0.0119798472392395	-0.145360074003607	-0.986120558932313	0.0802289981034804	0.0235890695025786	0.0776129156556194	0.996704465287197
2017	1	26	12	21	4.642	-1.22444668648	1.08072161431	1.53807870144	0.144218438518301	-0.986583368003409	0.0765133973261797	-0.989464850607762	0.144218438518301	0.0126629934495156	-0.14278543434215	-0.986583368003409	0.0791554023347397	0.0239087672514323	0.0765133973261797	0.996781857217578
2017	1	26	12	21	4.659	-1.22466063541	1.08070691607	1.53797548077	0.141500618872547	-0.987075868228137	0.0752250305440701	-0.98984788782483	0.141500618872547	0.0133691371228249	-0.140052376452791	-0.987075868228137	0.077888139094447	0.0242175725176687	0.0752250305440701	0.996872461231122
2017	1	26	12	21	4.659	-1.22488195888	1.08068843112	1.53785001176	0.138621107531809	-0.987596291981878	0.0737411188571103	-0.99024516024218	0.138621107531809	0.0140964947271623	-0.137162433897983	-0.987596291981878	0.076420094156088	0.0245150840120896	0.0737411188571103	0.996976056906875
2017	1	26	12	21	4.662	-1.22510982573	1.08066364657	1.53770199363	0.135582612221154	-0.988142213560754	0.0720577618479867	-0.990654855991842	0.135582612221154	0.0148428960472923	-0.13411880019056	-0.988142213560754	0.0747469946867272	0.0248012849511308	0.0720577618479867	0.997092059552292
2017	1	26	12	21	4.67	-1.22534322648	1.08062983644	1.53753150896	0.132389741462869	-0.988710534477478	0.0701743212910084	-0.991074879439981	0.132389741462869	0.0156057585019808	-0.130926508321379	-0.988710534477478	0.0728678834057289	0.0250765380744508	0.0701743212910084	0.997219500345609
2017	1	26	12	21	4.678	-1.22558094609	1.08058410511	1.5373390589	0.129049174135291	-0.989297497246218	0.068093851391806	-0.991502868329145	0.129049174135291	0.0163820862553624	-0.12759258083215	-0.989297497246218	0.0707855582655197	0.0253415747669725	0.068093851391806	0.997357023332648
2017	1	26	12	21	4.687	-1.22582154337	1.08052344093	1.53712559061	0.125569787587534	-0.989898732000799	0.0658234671559633	-0.991936223242452	0.125569787587534	0.0171685021105852	-0.124126137224809	-0.989898732000799	0.068506951770302	0.0255974818516876	0.0658234671559633	0.997502902298745
2017	1	26	12	21	4.696	-1.22606333959	1.08044478076	1.53689251456	0.1219627327908	-0.990509338216501	0.0633746220194516	-0.992372149414448	0.1219627327908	0.0179613161196203	-0.120538448262964	-0.990509338216501	0.0660434205372884	0.0258456873947222	0.0633746220194516	0.997655079537505
2017	1	26	12	21	4.709	-1.22630441714	1.08034508618	1.53664170897	0.118241449649224	-0.991124001042564	0.0607632630972754	-0.992807709695504	0.118241449649224	0.0187566296017447	-0.116842931955773	-0.991124001042564	0.0634109123838896	0.0260879439808056	0.0607632630972754	0.997811227155029
2017	1	26	12	21	4.711	-1.22654262832	1.08022143235	1.5363755086	0.114421619127923	-0.991737138930176	0.0580098297078443	-0.993239886556973	0.114421619127923	0.0195504687523473	-0.113055089983241	-0.991737138930176	0.0606299752224069	0.0263263058778303	0.0580098297078443	0.99796882981188
2017	1	26	12	21	4.726	-1.22677561351	1.08007110987	1.53609667513	0.110521047874692	-0.992343077007175	0.0551390559640912	-0.993665650790461	0.110521047874692	0.020338938415021	-0.109192382652382	-0.992343077007175	0.0577255670100075	0.0265630948849282	0.0551390559640912	0.998125285972419
2017	1	26	12	21	4.729	-1.22700082842	1.07989173782	1.53580834422	0.106559477319142	-0.992936238920709	0.0521795288544071	-0.994082034689518	0.106559477319142	0.0211183830114754	-0.105274037081817	-0.992936238920709	0.0547266165087238	0.0268008474501161	0.0521795288544071	0.99827802306997
2017	1	26	12	21	4.742	-1.22721558065	1.07968138067	1.53551394434	0.102558308149671	-0.99351134723778	0.0491629569823624	-0.994486207338682	0.102558308149671	0.0218855395775834	-0.101320781964585	-0.99351134723778	0.0516652886555137	0.0270422365053245	0.0491629569823624	0.998424619641133
2017	1	26	12	21	4.745	-1.22741707534	1.0794386562	1.5352170862	0.0985402376552345	-0.994063617744195	0.0461231551411233	-0.994875548695848	0.0985402376552345	0.0226376714788556	-0.0973545069512602	-0.994063617744195	0.0485759596261284	0.0272899722134656	0.0461231551411233	0.998562923393622
2017	1	26	12	21	4.753	-1.22760246968	1.07916281936	1.53492143274	0.0945288220275826	-0.994588928592581	0.0430948364324384	-0.995247717726225	0.0945288220275826	0.0233726799237183	-0.093397856215921	-0.994588928592581	0.045493994937037	0.0275467024343952	0.0430948364324384	0.998691150585531
2017	1	26	12	21	4.762	-1.2277689339	1.07885380867	1.53463056693	0.0905479900442743	-0.995083945908065	0.0401123683541414	-0.995600709178988	0.0905479900442743	0.0240891963593236	-0.0894737778654047	-0.995083945908065	0.0424544894036961	0.0278149412508506	0.0401123683541414	0.998807952986075
2017	1	26	12	21	4.77	-1.22791371565	1.07851224548	1.53434787717	0.0866215376817705	-0.995546194317402	0.0372086574574214	-0.995932894716003	0.0866215376817705	0.0247866583517809	-0.0856050536730049	-0.995546194317402	0.0394911352809723	0.0280970462547978	0.0372086574574214	0.998912444512517
2017	1	26	12	21	4.779	-1.22803420509	1.07813938181	1.53407647343	0.0827726241040103	-0.995974070839364	0.0344142835840357	-0.996243046529955	0.0827726241040103	0.0254653674556305	-0.0818138257247571	-0.995974070839364	0.0366353399867571	0.028395248915851	0.0344142835840357	0.999004187641075
2017	1	26	12	21	4.787	-1.22812799803	1.07773700284	1.5338191375	0.0790232796933257	-0.996366809380017	0.0317569273134861	-0.996530343775045	0.0790232796933257	0.0261265229623406	-0.078121128863194	-0.996366809380017	0.0339156363794616	0.0287117251437724	0.0317569273134861	0.999083146893628
2017	1	26	12	21	4.795	-1.22819295452	1.07730729806	1.5335783022	0.0753939368856222	-0.996724407487654	0.029261062852752	-0.996794363101704	0.0753939368856222	0.0267722238440537	-0.0745464397041454	-0.996724407487654	0.0313573571243194	0.0290486835520221	0.029261062852752	0.999149620519681
2017	1	26	12	21	4.809	-1.22822725003	1.07685271681	1.53335605108	0.0719030007552861	-0.997047527106362	0.0269478602763283	-0.997035054840467	0.0719030007552861	0.0274054356223594	-0.0711072597086055	-0.997047527106362	0.0289825172788719	0.0294084517783389	0.0269478602763283	0.999204161215579
2017	1	26	12	21	4.812	-1.22822941777	1.07637582134	1.53315413293	0.0685664778660519	-0.997337379543361	0.0248352466995007	-0.997252706879978	0.0685664778660519	0.0280299256795376	-0.0678187510825888	-0.997337379543361	0.0268098557843699	0.0297935500092562	0.0248352466995007	0.999247494317209
2017	1	26	12	21	4.826	-1.2281983808	1.07587914642	1.53297398594	0.0653976776408515	-0.997595603424734	0.0229380859450984	-0.997447899040073	0.0653976776408515	0.0286501738167017	-0.0646934399029939	-0.997595603424734	0.0248549967040669	0.030206746499113	0.0229380859450984	0.999280439455868
2017	1	26	12	21	4.829	-1.22813347301	1.07536507229	1.5328167683	0.0624069973099737	-0.997824142878959	0.0212684408131694	-0.997621451132345	0.0624069973099737	0.0292712645327638	-0.0617409978776555	-0.997824142878959	0.0231306953838765	0.0306510916879878	0.0212684408131694	0.999303839682262
2017	1	26	12	21	4.842	-1.22803444725	1.07483571529	1.53268339165	0.0596018008664341	-0.998025131446359	0.0198358850307934	-0.997774367815138	0.0596018008664341	0.0298987669407775	-0.0589681137573669	-0.998025131446359	0.0216471374868631	0.0311299291839739	0.0198358850307934	0.999318500366147
2017	1	26	12	21	4.845	-1.22790146959	1.07429283882	1.5325745548	0.0569863984548453	-0.998200785728709	0.0186478353096048	-0.997907783198755	0.0569863984548453	0.0305386087190063	-0.0563784615968098	-0.998200785728709	0.0204122619659258	0.0316468845121286	0.0186478353096048	0.999325138750618
2017	1	26	12	21	4.859	-1.22773510067	1.07373778698	1.53249077539	0.0545621223966459	-0.998353311725683	0.0177098776375258	-0.998022908099145	0.0545621223966459	0.0311969503141015	-0.0539727629974376	-0.998353311725683	0.0194320822555158	0.0322058343122719	0.0177098776375258	0.999324343979629
2017	1	26	12	21	4.876	-1.22753626658	1.073171443	1.53243241758	0.0523274849596152	-0.998484825822912	0.0170260658753218	-0.998120982584576	0.0523274849596152	0.0318800633970904	-0.0517489295118525	-0.998484825822912	0.0187109832923573	0.0328108582450776	0.0170260658753218	0.999316546776861
2017	1	26	12	21	4.876	-1.22730622178	1.07259421334	1.53239971464	0.0502783982024122	-0.998597291240747	0.0165991747036923	-0.99820323573153	0.0502783982024122	0.0325942149668262	-0.0497022666945372	-0.998597291240747	0.0182519755661989	0.0334661748714892	0.0165991747036923	0.999301997665684
2017	1	26	12	21	4.892	-1.22704650644	1.07200603721	1.53239278506	0.0484084390315605	-0.998692469577497	0.0164308928463232	-0.998270853428831	0.0484084390315605	0.0333455578001271	-0.0478257240989493	-0.998692469577497	0.0180568913052842	0.0341760633906995	0.0164308928463232	0.999280752567259
2017	1	26	12	21	4.892	-1.22675889952	1.07140641945	1.53241164192	0.0467091474746391	-0.998771886283883	0.0165219463480006	-0.998324954105361	0.0467091474746391	0.0341400285987071	-0.046110180361438	-0.998771886283883	0.0181265119636805	0.0349447746818287	0.0165219463480006	0.999252664750667
2017	1	26	12	21	4.895	-1.22644536871	1.07079448407	1.53245619519	0.0451703473409557	-0.998836808659666	0.0168721482826269	-0.998366571750908	0.0451703473409557	0.0349832550148662	-0.0445447535657	-0.998836808659666	0.018460622859064	0.0357764355422506	0.0168721482826269	0.999217382390949
2017	1	26	12	21	4.904	-1.22610801913	1.07016904379	1.53252624893	0.043780477597142	-0.998888234900949	0.0174803878055499	-0.998396645403558	0.043780477597142	0.0358804714055919	-0.0431171257442304	-0.998888234900949	0.0190580073465853	0.0366749494134291	0.0174803878055499	0.999174351215888
