year	month	day	hour	minute	second	x	y	z	ref_vec_x	ref_vec_y	ref_vec_z	rotation_11	rotation_12	rotation_13	rotation_21	rotation_22	rotation_23	rotation_31	rotation_32	rotation_33
2017	1	26	12	25	41.19	0.587026980896	0.397547016163	1.53065543383	-0.427083534288229	-0.902466908815956	0.056152766913556	-0.903573057724008	-0.427083534288229	0.0339909413691478	0.428292409213753	-0.902466908815956	0.0460335823291283	0.0110155147480869	0.056152766913556	0.998361420129397
2017	1	26	12	25	41.198	0.587063211029	0.397855860108	1.53097664214	-0.428243735041719	-0.901710717802201	0.0593724245602028	-0.902953736578883	-0.428243735041719	0.0358029746773992	0.42958600576627	-0.901710717802201	0.048720068251409	0.0114198619963408	0.0593724245602028	0.998170577583725
2017	1	26	12	25	41.212	0.587094272065	0.398151750011	1.53130726415	-0.429446484773939	-0.900914517900442	0.0626797267983913	-0.902306538980278	-0.429446484773939	0.0376646575550315	0.430932783027347	-0.900914517900442	0.0514778393925003	0.0118256596322098	0.0626797267983913	0.997963629408779
2017	1	26	12	25	41.215	0.587118916147	0.398434527609	1.5316461532	-0.430698465070803	-0.900074770913656	0.0660623868050782	-0.901628099306768	-0.430698465070803	0.0395676980139081	0.432339265601614	-0.900074770913656	0.0542970181850357	0.0122282443352327	0.0660623868050782	0.997740563017308
2017	1	26	12	25	41.229	0.587136192878	0.398703893135	1.53199218733	-0.432003434314252	-0.899189433587131	0.0695082388350108	-0.900916455117009	-0.432003434314252	0.0415038990950668	0.433808940627375	-0.899189433587131	0.05716787172012	0.0126231506034221	0.0695082388350108	0.997501509173243
2017	1	26	12	25	41.231	0.587145465701	0.398959418354	1.53234426562	-0.433362275439332	-0.898257966168455	0.0730052357092022	-0.900171047828244	-0.433362275439332	0.0434651915657261	0.435342305984894	-0.898257966168455	0.0600808025467879	0.0130062012730542	0.0730052357092022	0.997246746942545
2017	1	26	12	25	41.245	0.587146418563	0.399200568813	1.53270130098	-0.434773113613291	-0.89728131004531	0.0765414287975896	-0.899392691316099	-0.434773113613291	0.0454436627725911	0.436936990461097	-0.89728131004531	0.0630263199796029	0.0133735998887283	0.0765414287975896	0.996976708104878
2017	1	26	12	25	41.248	0.587139053019	0.399426734583	1.53306220991	-0.43623150152263	-0.896261835040435	0.0801049319908795	-0.898583508821086	-0.43623150152263	0.0474315797132699	0.438587943126863	-0.896261835040435	0.0659949937017885	0.0137220194771743	0.0801049319908795	0.996691981533013
2017	1	26	12	25	41.262	0.58712367654	0.399637267537	1.53342589979	-0.437730667672052	-0.895203257204621	0.0836838746092472	-0.897746839268014	-0.437730667672052	0.0494214039022581	0.440287686822269	-0.895203257204621	0.0689773957389852	0.0140486802578212	0.0836838746092472	0.996393317778374
2017	1	26	12	25	41.279	0.58710088318	0.399831522321	1.53379125539	-0.439261821496078	-0.894110527892721	0.0872663514038979	-0.896887114589807	-0.439261821496078	0.0514057959642534	0.442026629035239	-0.894110527892721	0.0719640405698825	0.0143514078233999	0.0872663514038979	0.996081633705862
2017	1	26	12	25	41.279	0.587071527338	0.400008898466	1.53415712599	-0.440814508987462	-0.89298969444995	0.0908403779842782	-0.896009709455641	-0.440814508987462	0.0533776097943732	0.443793423463401	-0.89298969444995	0.0749453327220493	0.0146286654159738	0.0908403779842782	0.995758016726866
2017	1	26	12	25	41.282	0.587036690911	0.400168881862	1.53452231429	-0.442377011966385	-0.891847732886406	0.0943938590644099	-0.895120764893446	-0.442377011966385	0.0553298792721014	0.445575375227627	-0.891847732886406	0.0779115289038634	0.0148795580354785	0.0943938590644099	0.995423727928764
2017	1	26	12	25	41.29	0.586997643942	0.400311083945	1.53488556853	-0.443936781874973	-0.890692353874109	0.0979145773043569	-0.894226988331351	-0.443936781874973	0.0572558035340943	0.447358880846731	-0.890692353874109	0.0808527209051015	0.01510380969829	0.0979145773043569	0.995080203040894
2017	1	26	12	25	41.298	0.586955799029	0.400435276797	1.53524557913	-0.445480898137419	-0.889531783878918	0.101390210887781	-0.893335433207179	-0.445480898137419	0.0591487376976053	0.449129893518601	-0.889531783878918	0.0837588456054698	0.0153017163910589	0.101390210887781	0.994729049848057
2017	1	26	12	25	41.307	0.586912659858	0.400541422665	1.535600981	-0.446996541769712	-0.888374523458998	0.10480838570895	-0.892453261505234	-0.446996541769712	0.0610021940145374	0.450874404884675	-0.888374523458998	0.0866197269037961	0.0154740766625842	0.10480838570895	0.994372040655068
2017	1	26	12	25	41.314	0.586869765454	0.400629696913	1.53595036181	-0.448471469043562	-0.887229088964926	0.108156761917029	-0.891587496284632	-0.448471469043562	0.062809855300037	0.452578928340462	-0.887229088964926	0.0894251492403901	0.0156221026465933	0.108156761917029	0.994011098912141
2017	1	26	12	25	41.323	0.586828634136	0.400700503811	1.5362922751	-0.449894454832815	-0.886103753514716	0.111423146239084	-0.890744779854996	-0.449894454832815	0.0645655997552762	0.454230953513172	-0.886103753514716	0.0921649547151529	0.0157473182348143	0.111423146239084	0.99364828005215
2017	1	26	12	25	41.331	0.586790712745	0.400754484652	1.53662525664	-0.451255666874189	-0.885006309407384	0.114595616945206	-0.889931158590167	-0.451255666874189	0.0662635351026009	0.455819333019528	-0.885006309407384	0.0948291513974128	0.0158514546964866	0.114595616945206	0.993285747386397
2017	1	26	12	25	41.34	0.586757335242	0.40079251746	1.53694784257	-0.45254694282544	-0.883943869840296	0.117662651300699	-0.889151910884717	-0.45254694282544	0.0678980405417178	0.457334573373518	-0.883943869840296	0.0974080231245028	0.0159363536393559	0.117662651300699	0.992925744011893
2017	1	26	12	25	41.348	0.586729692225	0.400815707404	1.53725858906	-0.453761960958362	-0.882922718216481	0.120613251529186	-0.888411425554688	-0.453761960958362	0.0694638159843522	0.45876902101667	-0.882922718216481	0.0998922369988132	0.0160038838814947	0.120613251529186	0.992570561348796
2017	1	26	12	25	41.356	0.586708811341	0.400825367053	1.53755609374	-0.454896306820052	-0.881948207085687	0.123437069228892	-0.887713132088891	-0.454896306820052	0.0709559381476163	0.460116945972118	-0.881948207085687	0.10227294875788	0.0160558757538169	0.123437069228892	0.992222504680255
2017	1	26	12	25	41.365	0.586695548013	0.400822986041	1.53783901922	-0.455947442734945	-0.881024706012001	0.126124529176255	-0.88705948152322	-0.455947442734945	0.0723699226420762	0.461374530078857	-0.881024706012001	0.104541907343331	0.0160940745080212	0.126124529176255	0.991883856056644
2017	1	26	12	25	41.373	0.586690585318	0.400810191265	1.53810611817	-0.456914593345835	-0.880155594252515	0.128666951054308	-0.886451973085113	-0.456914593345835	0.0737017896737885	0.462539772754818	-0.880155594252515	0.10669155789435	0.0161201126990768	0.128666951054308	0.991556835321585
2017	1	26	12	25	41.381	0.586694440892	0.40078870141	1.53835625816	-0.457798570417875	-0.879343289175814	0.131056662191633	-0.885891216253381	-0.457798570417875	0.0749481279849991	0.463612336595042	-0.879343289175814	0.10871513757682	0.0161354988144481	0.131056662191633	0.991243560873511
2017	1	26	12	25	41.39	0.586707478212	0.400760281152	1.53858844374	-0.458601564998899	-0.878589298726891	0.13328709143481	-0.885377014893177	-0.458601564998899	0.0761061500761148	0.464593359487637	-0.878589298726891	0.110606756044026	0.0161416176029354	0.13328709143481	0.99094601237303
2017	1	26	12	25	41.398	0.586729920067	0.400726698859	1.53880183388	-0.459326928708892	-0.877894288511736	0.135352838024658	-0.884908462678636	-0.459326928708892	0.0771737341495765	0.465485253827132	-0.877894288511736	0.112361455437186	0.0161397382018124	0.135352838024658	0.990665997240971
2017	1	26	12	25	41.406	0.586761862859	0.400689689065	1.53899575445	-0.459978955492357	-0.877258158161069	0.137249715642725	-0.884484043719986	-0.459978955492357	0.0781494523902843	0.466291503603693	-0.877258158161069	0.113975249974965	0.0161310282297322	0.137249715642725	0.990405121899237
2017	1	26	12	25	41.415	0.586803290848	0.40065091969	1.53916970644	-0.460562669306762	-0.876680123875935	0.138974774840279	-0.884101734923861	-0.460562669306762	0.0790325878713964	0.46701646475958	-0.876680123875935	0.115445147339937	0.0161165737079379	0.138974774840279	0.990164768111858
2017	1	26	12	25	41.429	0.58685408964	0.400611963814	1.5393233703	-0.461083621497297	-0.876158804659815	0.140526307159977	-0.883759107348475	-0.461083621497297	0.0798231430448823	0.467665172663951	-0.876158804659815	0.11676915386471	0.0160974052512777	0.140526307159977	0.989946074561719
2017	1	26	12	25	41.431	0.586914058523	0.400574275835	1.5394566071	-0.461547700720552	-0.875692310106091	0.141903833565654	-0.883453424330054	-0.461547700720552	0.080521841751615	0.468243159611392	-0.875692310106091	0.117946265299913	0.0160745300597177	0.141903833565654	0.989749923719487
2017	1	26	12	25	41.445	0.586982921709	0.400539171639	1.53956945671	-0.461960957458517	-0.875278328012963	0.14310807906908	-0.883181734802938	-0.461960957458517	0.0811301244574636	0.468756284188283	-0.875278328012963	0.118976445336148	0.0160489670841145	0.14310807906908	0.989576934028219
2017	1	26	12	25	41.448	0.587060338868	0.400507812358	1.53966213308	-0.4623294444431	-0.874914210481748	0.144140934845154	-0.882940960809154	-0.4623294444431	0.0816501348825766	0.469210573461024	-0.874914210481748	0.119860594231289	0.016021781354946	0.144140934845154	0.9894274573834
2017	1	26	12	25	41.462	0.587145915146	0.400481191454	1.53973501696	-0.462659073844882	-0.874597057372398	0.145005408949251	-0.882727978419161	-0.462659073844882	0.0820846971427506	0.469612078647633	-0.874597057372398	0.120600509218629	0.015994114676042	0.145005408949251	0.989301581759167
2017	1	26	12	25	41.465	0.58723921053	0.400460125252	1.53978864613	-0.462955492159805	-0.874323795913552	0.145705566737823	-0.882539691075649	-0.462955492159805	0.0824372849818016	0.469966745414605	-0.874323795913552	0.121198837055976	0.0159672126716505	0.145705566737823	0.989199138667796
2017	1	26	12	25	41.479	0.587339748206	0.40044524725	1.53982370384	-0.463223973729091	-0.874091255282528	0.146246461841796	-0.882373094317847	-0.463223973729091	0.0827119857492111	0.470280300166786	-0.874091255282528	0.121659018217522	0.015942449591738	0.146246461841796	0.989119715049584
2017	1	26	12	25	41.481	0.587447021833	0.40043700646	1.53984100553	-0.46346933334517	-0.873896235317384	0.146634057935688	-0.88222533129051	-0.46346933334517	0.0829134601734421	0.470558153060652	-0.873896235317384	0.121985222409316	0.0159213509947009	0.146634057935688	0.989062669215564
2017	1	26	12	25	41.489	0.587560502162	0.400435669695	1.539841484	-0.463695857845432	-0.873735568933074	0.146875140844825	-0.882093739036589	-0.463695857845432	0.0830468962059355	0.470805317580482	-0.873735568933074	0.12218227579784	0.0159056119150326	0.146875140844825	0.989027150543109
2017	1	26	12	25	41.498	0.58767964382	0.400441327477	1.53982617265	-0.463907255787944	-0.873606178362945	0.146977219845087	-0.881975886260361	-0.463907255787944	0.0831179528294018	0.471026345412764	-0.873606178362945	0.122255580867244	0.0158971060997609	0.146977219845087	0.989012122708444
2017	1	26	12	25	41.506	0.587803893173	0.400453903146	1.53979618671	-0.464106624303608	-0.873505125398712	0.146948416730805	-0.881869603331422	-0.464106624303608	0.0831326891035683	0.471225275302432	-0.873505125398712	0.122211029855444	0.0158978815012671	0.146948416730805	0.989016390250476
2017	1	26	12	25	41.514	0.587932697921	0.400473165009	1.53975270216	-0.464296432341416	-0.87342965569361	0.146797341494913	-0.881773005032306	-0.464296432341416	0.0830974759624475	0.471405595056898	-0.87342965569361	0.122054911838865	0.0159101397023573	0.146797341494913	0.989038628155987
2017	1	26	12	25	41.529	0.588065518272	0.400498741797	1.53969693226	-0.464478520387317	-0.87337723665304	0.146532953956124	-0.881684505698713	-0.464478520387317	0.0830188924861371	0.471570217354562	-0.87337723665304	0.121793811831594	0.0159362013976682	0.146532953956124	0.989077414002517
2017	1	26	12	25	41.532	0.588201838555	0.400530142432	1.53963010212	-0.464654120082658	-0.873345586469654	0.146164411825132	-0.881602824423204	-0.464654120082658	0.0829036106526129	0.471721473683692	-0.873345586469654	0.121434500285801	0.015978461587882	0.146164411825132	0.989131262007777
2017	1	26	12	25	41.545	0.588341176162	0.400566782264	1.5395534214	-0.464823906915807	-0.873332686038489	0.145700909593327	-0.88152697303588	-0.464823906915807	0.0827582707028403	0.471861140190259	-0.873332686038489	0.120983816583648	0.0160393325468155	0.145700909593327	0.989198657881788
2017	1	26	12	25	41.548	0.588483083428	0.400608017887	1.53946805674	-0.46498810383646	-0.873336761947965	0.145151519181911	-0.881456217227997	-0.46498810383646	0.0825893479855805	0.471990513762149	-0.873336761947965	0.120448558101728	0.0161211670995622	0.145151519181911	0.98927809257586
2017	1	26	12	25	41.562	0.588627140982	0.400653188296	1.53937510643	-0.465146632766978	-0.873356239402513	0.144525046695175	-0.881390011715913	-0.465146632766978	0.0824030173777983	0.472110536746747	-0.873356239402513	0.119835387884376	0.0162261622117516	0.144525046695175	0.989368092540706
2017	1	26	12	25	41.565	0.588772946599	0.400701654701	1.53927558038	-0.465299279076104	-0.873389681689037	0.143829916256601	-0.881327926583544	-0.465299279076104	0.0822050285275166	0.472221937923987	-0.873389681689037	0.119150766940194	0.0163562577402489	0.143829916256601	0.989467244542412
2017	1	26	12	25	41.579	0.588920105053	0.400752831101	1.53917038766	-0.465445829212179	-0.873435736543984	0.143074086391823	-0.881269584657547	-0.465445829212179	0.0820006050374119	0.472325352254984	-0.873435736543984	0.11840091108211	0.0165130486198141	0.143074086391823	0.989574214007431
2017	1	26	12	25	41.596	0.589068221679	0.400806201715	1.53906033245	-0.465586161568641	-0.873493099826333	0.142265001710057	-0.881214619931812	-0.465586161568641	0.0817943749545842	0.47242140060591	-0.873493099826333	0.117591771843669	0.0166977204426878	0.142265001710057	0.98968775652751
2017	1	26	12	25	41.596	0.58921690009	0.40086132466	1.53894611849	-0.465720285138255	-0.873560499537928	0.141409581209293	-0.881162659859062	-0.465720285138255	0.0815903357073976	0.472510724263414	-0.873560499537928	0.116729041386918	0.0169110119793909	0.141409581209293	0.989806722555492
2017	1	26	12	25	41.612	0.589365743826	0.400917823232	1.5388283611	-0.465848326928897	-0.873636700483725	0.140514240792376	-0.881113331241548	-0.465848326928897	0.08139185343737	0.472593974833904	-0.873636700483725	0.115818178705249	0.0171532055054869	0.140514240792376	0.989930055951141
2017	1	26	12	25	41.612	0.589514361023	0.400975368537	1.53870760442	-0.465970480702873	-0.873720524601225	0.139584941895943	-0.881066283814234	-0.465970480702873	0.0812016911111475	0.472671770727264	-0.873720524601225	0.114864450758765	0.0174241408204051	0.139584941895943	0.990056787923085
2017	1	26	12	25	41.614	0.589662370246	0.401033658504	1.53858434104	-0.466086940217192	-0.873810876710372	0.138627255262543	-0.881021220353456	-0.466086940217192	0.0810220553052206	0.472744641339023	-0.873810876710372	0.113872981114436	0.0177232438380936	0.138627255262543	0.990186028343275
2017	1	26	12	25	41.623	0.589809405915	0.4010923971	1.53845903156	-0.466197836558367	-0.873906766832711	0.137646431382347	-0.880977923851507	-0.466197836558367	0.0808546527701811	0.47281297679029	-0.873906766832711	0.112848800891735	0.0180495613518376	0.137646431382347	0.990316955960419
2017	1	26	12	25	41.631	0.589955122856	0.401151275277	1.53833212343	-0.466303186987607	-0.874007325967552	0.136647473303568	-0.880936278307339	-0.466303186987607	0.0807007519618979	0.472876989710633	-0.874007325967552	0.111796899586967	0.0184017978530531	0.136647473303568	0.990448808306379
2017	1	26	12	25	41.646	0.590099200166	0.401209954007	1.53820406819	-0.466402855282187	-0.87411181581598	0.135635209424077	-0.880896283384642	-0.466402855282187	0.0805612469103394	0.472936688556845	-0.87411181581598	0.110722274487907	0.0187783528566986	0.135635209424077	0.990580871725512
2017	1	26	12	25	41.649	0.590241344854	0.401268049512	1.53807533716	-0.466496522182857	-0.874219633666102	0.13461436366156	-0.880858063888653	-0.466496522182857	0.0804367209279028	0.47299186064395	-0.874219633666102	0.109629977092405	0.0191773576623006	0.13461436366156	0.990712471935771
2017	1	26	12	25	41.662	0.590381295568	0.401325120966	1.53794643469	-0.466583664669274	-0.874330313662529	0.133589619636314	-0.880821874947342	-0.466583664669274	0.0803275076050521	0.473042063182049	-0.874330313662529	0.108525154094593	0.0195967108138016	0.133589619636314	0.99084296558572
2017	1	26	12	25	41.665	0.590518826741	0.401380660971	1.53781790863	-0.466663542997975	-0.874443525594131	0.13256567498068	-0.880788103638718	-0.466663542997975	0.0802337467970164	0.473086620866282	-0.874443525594131	0.1074130797614	0.0200341120550307	0.13256567498068	0.990971733285608
2017	1	26	12	25	41.679	0.590653753331	0.401434089261	1.53769035734	-0.466735194768281	-0.874559072117839	0.13154728176971	-0.880757267596393	-0.466735194768281	0.0801554336321028	0.473124628947138	-0.874559072117839	0.106299176196327	0.0204870949567945	0.13154728176971	0.991098174551458
2017	1	26	12	25	41.681	0.590785936303	0.401484750142	1.53756443258	-0.466797435760262	-0.874676885004783	0.130539269210358	-0.880730010834932	-0.466797435760262	0.0800924589605368	0.473154961240694	-0.874676885004783	0.105189017923197	0.0209530586792872	0.130539269210358	0.991221705031729
2017	1	26	12	25	41.695	0.590915288881	0.40153191423	1.53744083813	-0.466848867529462	-0.87479702076245	0.129546545116419	-0.88070709685808	-0.466848867529462	0.0800446402345073	0.47317628285551	-0.87479702076245	0.10408831734726	0.0214292997285335	0.129546545116419	0.99134175628869
2017	1	26	12	25	41.698	0.591041783413	0.401574785065	1.5373203233	-0.466887892190853	-0.874919655614179	0.128574073380092	-0.880689398824207	-0.466887892190853	0.0800117424147209	0.473187067940154	-0.874919655614179	0.103002888086535	0.0219130448102853	0.128574073380092	0.991457778284881
2017	1	26	12	25	41.712	0.591165458117	0.401612511656	1.53720367133	-0.46691273819412	-0.875045077839972	0.127626825785591	-0.880677884774043	-0.46691273819412	0.079993488372404	0.47318562610679	-0.875045077839972	0.101938584422002	0.0224014846794118	0.127626825785591	0.991569244593665
2017	1	26	12	25	41.715	0.591286420829	0.401644209547	1.53709168223	-0.466921511285881	-0.875173669507785	0.126709709567923	-0.880673590540381	-0.466921511285881	0.0799895569635383	0.473170151440195	-0.875173669507785	0.100901218953695	0.0228918044456352	0.126709709567923	0.991675660077646
2017	1	26	12	25	41.723	0.591404845238	0.401668993374	1.53698515097	-0.466912290781599	-0.875305865691761	0.125827477931799	-0.880677569817143	-0.466912290781599	0.0799995671116524	0.473138814097101	-0.875305865691761	0.099896466806322	0.0233812021881033	0.125827477931799	0.991776570191876
2017	1	26	12	25	41.731	0.591520957988	0.40168601943	1.536884843	-0.466883271427465	-0.8754420892902	0.124984635697345	-0.880690820956553	-0.466883271427465	0.0800230513293556	0.473089895558069	-0.8754420892902	0.0989297681189309	0.023866893466221	0.124984635697345	0.991871570434335
2017	1	26	12	25	41.745	0.591635020697	0.40169453081	1.53679147066	-0.466832919339294	-0.87558267678692	0.124185351518623	-0.880714206421402	-0.466832919339294	0.0800594281060747	0.473021937669516	-0.87558267678692	0.0980062375261315	0.0243461103853626	0.124185351518623	0.991960314416509
2017	1	26	12	25	41.748	0.59174731257	0.401693897272	1.5367056725	-0.466760105247654	-0.875727813898459	0.123433383303806	-0.880748383651261	-0.466760105247654	0.080107982404316	0.472933870167744	-0.875727813898459	0.0971305843325583	0.0248161065409169	0.123433383303806	0.992042519624197
2017	1	26	12	25	41.762	0.591858116287	0.401683646213	1.53662799694	-0.466664198567917	-0.875877489788482	0.122732019688389	-0.880793755767946	-0.466664198567917	0.0801678587412616	0.472825100837625	-0.875877489788482	0.0963070449121848	0.0252741729456247	0.122732019688389	0.992117970568583
2017	1	26	12	25	41.765	0.591967707345	0.401663484282	1.5365588903	-0.466545121242	-0.876031470447636	0.122084039213323	-0.880850442619471	-0.466545121242	0.0802380681619973	0.472695567399134	-0.876031470447636	0.0955393287948119	0.0257176651018774	0.122084039213323	0.992186519295171
2017	1	26	12	25	41.779	0.592076346439	0.401633309804	1.53649868926	-0.46640336383726	-0.876189289938268	0.121491688599516	-0.880918270805341	-0.46640336383726	0.0803175096888368	0.472545753675202	-0.876189289938268	0.094830579883328	0.0261440403316498	0.121491688599516	0.992248083271707
2017	1	26	12	25	41.781	0.592184274597	0.401593216134	1.53644761799	-0.46623996586852	-0.876350258454029	0.120956681231252	-0.880996781581825	-0.46623996586852	0.080405006494545	0.472376672071135	-0.876350258454029	0.0941833541054702	0.0265509044189752	0.120956681231252	0.992302640699931
2017	1	26	12	25	41.796	0.592291710973	0.401543486018	1.5364057898	-0.466056461389097	-0.876513486617425	0.120480216530509	-0.881085256027442	-0.466056461389097	0.0804993565721511	0.472189813454406	-0.876513486617425	0.093599614570031	0.0269360665456235	0.120480216530509	0.992350223330358
2017	1	26	12	25	41.812	0.592398853347	0.401484577069	1.5363732135	-0.465854790179299	-0.876677925853658	0.120063020068338	-0.881182757213267	-0.465854790179299	0.0805993973738449	0.471987064785697	-0.876677925853658	0.0930807444958999	0.0272976018178867	0.120063020068338	0.992390906924818
2017	1	26	12	25	41.813	0.592505881352	0.401417098808	1.53634980418	-0.465637175432718	-0.876842424525848	0.119705402579303	-0.881288188862987	-0.465637175432718	0.0807040830790883	0.471770595306943	-0.876842424525848	0.0926275766462942	0.0276339207194453	0.119705402579303	0.992424799679552
2017	1	26	12	25	41.829	0.592612962342	0.4013417824	1.53633539776	-0.465405972672757	-0.877005797742596	0.119407333637416	-0.881400368166895	-0.465405972672757	0.080812570778234	0.471542715591973	-0.877005797742596	0.0922404363499029	0.027943843103809	0.119407333637416	0.992452029221661
2017	1	26	12	25	41.829	0.592720259586	0.40125944491	1.53632976825	-0.465163498960897	-0.877166906668879	0.119168523861818	-0.881518108398376	-0.465163498960897	0.0809243090807932	0.471305717728266	-0.877166906668879	0.0919191943045289	0.0282266718263544	0.119168523861818	0.992472729055163
2017	1	26	12	25	41.831	0.592827942559	0.4011709499	1.53633264672	-0.464911851712632	-0.877324743083991	0.118988509150003	-0.881640306950204	-0.464911851712632	0.081039122020669	0.471061705075288	-0.877324743083991	0.0916633251860922	0.0284822606601323	0.118988509150003	0.992487025365041
2017	1	26	12	25	41.84	0.592936198795	0.401077166624	1.53634374017	-0.46465272691177	-0.877478514832719	0.118866729493253	-0.881766034256787	-0.46465272691177	0.0811572806623913	0.470812420425014	-0.877478514832719	0.0914719671839747	0.0287110711154795	0.118866729493253	0.992495025183995
2017	1	26	12	25	41.848	0.593045244567	0.400978933014	1.53636274822	-0.464387259833878	-0.877627721134424	0.118802592565906	-0.881894612424783	-0.464387259833878	0.0812795514266912	0.470559094176104	-0.877627721134424	0.091343976181046	0.0289142086923882	0.118802592565906	0.99249680731744
2017	1	26	12	25	41.862	0.593155329189	0.400877030279	1.53638937467	-0.464115924798364	-0.877772199602478	0.118795513187946	-0.882025665540233	-0.464115924798364	0.0814072089981453	0.470302347333988	-0.877772199602478	0.0912779693966144	0.0290934257255741	0.118795513187946	0.992492417414845
2017	1	26	12	25	41.865	0.593266729913	0.400772173178	1.53642333262	-0.463838512990394	-0.877912135419546	0.118844925638213	-0.88215913226964	-0.463838512990394	0.0815420089287433	0.470042167663262	-0.877912135419546	0.0912723567215979	0.0292510849661579	0.118844925638213	0.992481867682403
2017	1	26	12	25	41.879	0.593379740656	0.400665011969	1.53646434431	-0.463554168054189	-0.878048043284032	0.118950270973512	-0.882295251161446	-0.463554168054189	0.0816861252450513	0.469777939369137	-0.878048043284032	0.0913253599345264	0.0293900911881729	0.118950270973512	0.992465140735572
2017	1	26	12	25	41.881	0.593494660285	0.40055613885	1.5365121375	-0.463261442649107	-0.878180741308844	0.119110962337301	-0.8824345373176	-0.463261442649107	0.0818420619470285	0.469508490609222	-0.878180741308844	0.091435019768685	0.0295138034641951	0.119110962337301	0.992442196833729
2017	1	26	12	25	41.89	0.593611783909	0.40044609456	1.53656643914	-0.462958353197355	-0.878311328705963	0.119326330168821	-0.882577761863598	-0.462958353197355	0.0820125445809135	0.469232136736825	-0.878311328705963	0.0915991906086453	0.0296259365630301	0.119326330168821	0.992412983999708
2017	1	26	12	25	41.898	0.593731398029	0.400335373594	1.53662696736	-0.462642425411078	-0.878441170864982	0.119595549829897	-0.88272593773814	-0.462642425411078	0.0822003957051074	0.468946712198528	-0.878441170864982	0.09181552400085	0.0297304551346171	0.119595549829897	0.992377450619659
2017	1	26	12	25	41.907	0.593853779365	0.400224427204	1.53669342235	-0.462310730167351	-0.87857189125003	0.11991755783652	-0.882880311583541	-0.462310730167351	0.0824083987848334	0.468649591133431	-0.87857189125003	0.0920814456653048	0.0298314623948855	0.11991755783652	0.992335559764895
2017	1	26	12	25	41.915	0.593979196718	0.400113663479	1.53676547766	-0.461959911785119	-0.878705367945563	0.120290964943916	-0.883042360130673	-0.461959911785119	0.0826391560843609	0.468337699366798	-0.878705367945563	0.092394132364929	0.0299330848170539	0.120290964943916	0.992287304255273
2017	1	26	12	25	41.923	0.594107915384	0.400003444664	1.53684277226	-0.461586209776351	-0.878843733842838	0.120713969487716	-0.883213790081476	-0.461586209776351	0.0828949452874917	0.468007519271213	-0.878843733842838	0.0927504899759742	0.0300393561102477	0.120713969487716	0.992232722023921
2017	1	26	12	25	41.931	0.59424020361	0.39989408321	1.53692490227	-0.461185473569758	-0.878989381309997	0.121184266769684	-0.883396541423508	-0.461185473569758	0.0831775785246334	0.467655087048935	-0.878989381309997	0.0931471261044683	0.03015410682208	0.121184266769684	0.99217191218521
2017	1	26	12	25	41.94	0.594376340306	0.399785838873	1.53701141078	-0.460753170841987	-0.879144971800374	0.12169894871023	-0.88359279348141	-0.460753170841987	0.0834882678391008	0.467275983122892	-0.879144971800374	0.0935803085838843	0.030280866966672	0.12169894871023	0.992105052390407
2017	1	26	12	25	41.948	0.594516623025	0.399678918333	1.53710177534	-0.460284392351782	-0.879313448974271	0.122254393010323	-0.88380497176601	-0.460284392351782	0.0838275016866951	0.466865318834123	-0.879313448974271	0.0940459064653258	0.0304227867164594	0.122254393010323	0.992032417533864
2017	1	26	12	25	41.956	0.594661375362	0.399573477626	1.5371953935	-0.459773857006643	-0.879498052720524	0.122846146354051	-0.884035753243665	-0.459773857006643	0.0841949369032406	0.466417723685823	-0.879498052720524	0.0945393161205488	0.0305825770438125	0.122846146354051	0.991954399308415
2017	1	26	12	25	41.965	0.594810953116	0.399469626944	1.53729156745	-0.45921592092179	-0.879702331066506	0.123468808563573	-0.884288067634227	-0.45921592092179	0.0845893102683598	0.465927337518518	-0.879702331066506	0.095055377907097	0.0307624705222077	0.123468808563573	0.991871525813329
2017	1	26	12	25	41.973	0.5949657486	0.399367437272	1.53738948906	-0.458604593520121	-0.879930147158975	0.124115925340101	-0.884565092711528	-0.458604593520121	0.0850083734610386	0.465387811363371	-0.879930147158975	0.09558828984345	0.030964201760378	0.124115925340101	0.991784480260864
2017	1	26	12	25	41.981	0.595126192719	0.399266948193	1.5374882262	-0.457933562929351	-0.880185678791885	0.124779897389358	-0.884870242012804	-0.457933562929351	0.0854488545448782	0.464792319961629	-0.880185678791885	0.096131525288822	0.0311890061542294	0.124779897389358	0.991694117711007
2017	1	26	12	25	41.995	0.595292754601	0.399168176169	1.53758671166	-0.457196231901445	-0.880473408433442	0.125451913403972	-0.885207143938133	-0.457196231901445	0.0859064482795868	0.464133587913447	-0.880473408433442	0.0966777617251666	0.0314376349537271	0.125451913403972	0.991601478685767
2017	1	26	12	25	41.998	0.595465938804	0.39907112261	1.5376837355	-0.456385764431582	-0.880798102236369	0.126121913722445	-0.885579611791347	-0.456385764431582	0.0863758369203408	0.463403930390375	-0.880798102236369	0.0972188273718815	0.0317103843912562	0.126121913722445	0.991507798456849
2017	1	26	12	25	42.012	0.595646280179	0.398975781131	1.53777794189	-0.45549514252135	-0.881164776869419	0.12677859103225	-0.885991604709997	-0.45549514252135	0.0868507427881912	0.4625953086588	-0.881164776869419	0.0977456720859642	0.0320071365522584	0.12677859103225	0.991414510719711
2017	1	26	12	25	42.015	0.595834336437	0.398882143441	1.53786783143	-0.45451723280314	-0.881578652718455	0.12740943511408	-0.886447179317868	-0.45451723280314	0.0873240136753476	0.461699401014769	-0.881578652718455	0.0982483698272745	0.0323274091445685	0.12740943511408	0.991323244185221
2017	1	26	12	25	42.029	0.596030678248	0.398790203418	1.53795177021	-0.453444864621097	-0.882045090796334	0.128000830274036	-0.886950431020565	-0.453444864621097	0.0877877420895986	0.460707691711315	-0.882045090796334	0.0987161617979508	0.0326704103198391	0.128000830274036	0.991235810359316
2017	1	26	12	25	42.031	0.596235876621	0.39869995893	1.53802800717	-0.452270922015783	-0.882569510351757	0.128538214148379	-0.88750542357827	-0.452270922015783	0.0882334189417471	0.459611581292045	-0.882569510351757	0.0991375495949287	0.0330350943903953	0.128538214148379	0.991154180762087
2017	1	26	12	25	42.046	0.596450487636	0.398611411113	1.53809470073	-0.450988450042163	-0.883157285898657	0.129006303306022	-0.888116106923708	-0.450988450042163	0.088652120963038	0.458402519454581	-0.883157285898657	0.0995004448322259	0.0334202151454847	0.129006303306022	0.991080452297867
2017	1	26	12	25	42.062	0.596675035153	0.398524560692	1.53814995477	-0.449590772673717	-0.883813624992787	0.129389386750842	-0.888786225211825	-0.449590772673717	0.089034729181174	0.457072157945807	-0.883813624992787	0.0997923780048955	0.033824374413696	0.129389386750842	0.991016800206618
2017	1	26	12	25	42.062	0.596909992396	0.39843940094	1.538191864	-0.448071618650088	-0.884543429417521	0.129671685554639	-0.889519217930266	-0.448071618650088	0.0893721740421306	0.455612519638496	-0.884543429417521	0.100000767111821	0.0342460637356815	0.129671685554639	0.990965418712495
2017	1	26	12	25	42.065	0.597155763296	0.398355907021	1.53821856811	-0.446425252405036	-0.885351142863703	0.129837775108155	-0.890318116846316	-0.446425252405036	0.0896557016052466	0.454016180293856	-0.885351142863703	0.100113245184205	0.034683697130006	0.129837775108155	0.990928450145801
2017	1	26	12	25	42.073	0.597412664361	0.398274021565	1.53822831394	-0.444646608764646	-0.886240588303875	0.129873064785968	-0.891185441096527	-0.444646608764646	0.089877154448105	0.45227646063703	-0.886240588303875	0.100118044309913	0.0351356333546152	0.129873064785968	0.990907904051567
2017	1	26	12	25	42.081	0.597680907732	0.39819363658	1.53821952455	-0.442731431077551	-0.887214798781344	0.129764327761537	-0.892123092565877	-0.442731431077551	0.0900292599476413	0.450387626862433	-0.887214798781344	0.100004431864821	0.0356001865152701	0.129764327761537	0.990905568639451
2017	1	26	12	25	42.09	0.597960586084	0.398114572012	1.53819087341	-0.440676413433975	-0.888275845950702	0.129500270824166	-0.893132253510337	-0.440676413433975	0.0901059175776738	0.448345098167342	-0.888275845950702	0.0997631918589249	0.0360756245803558	0.129500270824166	0.99092291787384
2017	1	26	12	25	42.098	0.598251659679	0.3980365521	1.53814136144	-0.438479347279612	-0.889424672122052	0.129072129562607	-0.894213288659602	-0.438479347279612	0.0901024771791877	0.44614565918091	-0.889424672122052	0.0993871390805246	0.0365601583504672	0.129072129562607	0.990961018502526
2017	1	26	12	25	42.112	0.598553945587	0.397959181464	1.5380703937	-0.436139267595531	-0.890660935125202	0.128474269420512	-0.895365656207602	-0.436139267595531	0.0900160038280049	0.443787670090663	-0.890660935125202	0.0988716466809443	0.0370519305762935	0.128474269420512	0.991020442038122
2017	1	26	12	25	42.115	0.598867108785	0.397881922598	1.5379778522	-0.433656586332043	-0.89198287923859	0.127704769981683	-0.896587835088144	-0.433656586332043	0.0898455291196775	0.441271260057363	-0.89198287923859	0.0982151627429398	0.0375490215497352	0.127704769981683	0.991101186915132
2017	1	26	12	25	42.123	0.599190654864	0.397804076305	1.53786416124	-0.431033202713974	-0.893387244201081	0.12676596568848	-0.897877274780074	-0.431033202713974	0.0895922853355204	0.438598490835592	-0.893387244201081	0.0974196886442352	0.0380494844938546	0.12676596568848	0.991202616356928
2017	1	26	12	25	42.131	0.599523924599	0.397724768095	1.53773033996	-0.428272591618182	-0.894869218542581	0.125664907486685	-0.89923036877842	-0.428272591618182	0.0892599077709217	0.43577348752135	-0.894869218542581	0.0964911875689744	0.0385514129456668	0.125664907486685	0.991323418257763
2017	1	26	12	25	42.14	0.599866091469	0.397642945313	1.53757803585	-0.425379877191679	-0.896422440005444	0.124413701556855	-0.900642450240261	-0.425379877191679	0.088854582918448	0.43280253842817	-0.896422440005444	0.0954398857125199	0.0390530351618416	0.124413701556855	0.991461593461678
2017	1	26	12	25	42.149	0.600216163666	0.397557389372	1.53740953325	-0.422361893459532	-0.898039046293811	0.123029680504261	-0.902107810212073	-0.422361893459532	0.0883851215287793	0.4296941614193	-0.898039046293811	0.0942804273105841	0.0395528304491955	0.123029680504261	0.99161447716261
2017	1	26	12	25	42.157	0.600572992269	0.397466744511	1.53722773334	-0.419227226222006	-0.899709779115924	0.121535369984945	-0.903619741169962	-0.419227226222006	0.0878629396397213	0.426459128189791	-0.899709779115924	0.0930318512487936	0.0400496610663995	0.121535369984945	0.991778795140877
2017	1	26	12	25	42.165	0.600935287447	0.397369560607	1.53703610537	-0.415986227152974	-0.901424141364732	0.11995822682872	-0.905170608911944	-0.415986227152974	0.0873019334322912	0.423110436411456	-0.901424141364732	0.0917173700264232	0.0405429076619991	0.11995822682872	0.99195075303889
2017	1	26	12	25	42.173	0.601301644033	0.397264345528	1.53683861145	-0.412650994304657	-0.903170601297254	0.11833013923652	-0.906751952837546	-0.412650994304657	0.0867182387083244	0.419663224994082	-0.903170601297254	0.090363944911247	0.0410325920807188	0.11833013923652	0.992126153538653
2017	1	26	12	25	42.181	0.601670576021	0.397149623683	1.53663960872	-0.409235320850763	-0.904936830487208	0.116686695882348	-0.908354609471792	-0.409235320850763	0.0861298764629341	0.416134637817748	-0.904936830487208	0.0890016631083858	0.0415194732582106	0.116686695882348	0.992300533278311
2017	1	26	12	25	42.19	0.60204055727	0.397023997602	1.53644373506	-0.405754614246693	-0.906709958887549	0.115066256876879	-0.909968852368742	-0.405754614246693	0.0855563015576993	0.412543644636111	-0.906709958887549	0.0876629438502517	0.0420051067022639	0.115066256876879	0.992469308109463
2017	1	26	12	25	42.198	0.602410064173	0.396886205989	1.53625578653	-0.402225774925792	-0.908476832913255	0.113508898528916	-0.911584546071746	-0.402225774925792	0.0850178884030582	0.408910817979061	-0.908476832913255	0.0863816357775017	0.0424918616074197	0.113508898528916	0.992627911985094
2017	1	26	12	25	42.212	0.602777615319	0.396735168439	1.53608059817	-0.398667012441256	-0.91022426584218	0.11205533928925	-0.913191315790767	-0.398667012441256	0.0845354006052629	0.405258055719922	-0.91022426584218	0.0851921014306723	0.0429828923926414	0.11205533928925	0.992771913330718
2017	1	26	12	25	42.215	0.603141804378	0.396570009689	1.53592293848	-0.395097583697418	-0.911939270630544	0.110745952694864	-0.914778731827253	-0.395097583697418	0.0841294903882309	0.401608244197234	-0.911939270630544	0.0841283832879618	0.0434820651457187	0.110745952694864	0.992897096366169
2017	1	26	12	25	42.228	0.603501326232	0.396390065599	1.53578742253	-0.391537456153488	-0.913609267622097	0.109619918554386	-0.916336502531828	-0.391537456153488	0.0838202514705914	0.397984868956952	-0.913609267622097	0.0832234954585089	0.0439938428539211	0.109619918554386	0.992999504152482
2017	1	26	12	25	42.231	0.603854999685	0.396194881783	1.53567844062	-0.388006913527793	-0.91522226448119	0.108714496055302	-0.91785466707458	-0.388006913527793	0.0836268209610311	0.394411587845122	-0.91522226448119	0.0825088235973072	0.0445231344685177	0.108714496055302	0.993075449724008
2017	1	26	12	25	42.245	0.604201789118	0.395984216364	1.53560009724	-0.384526127710644	-0.916767008425289	0.108064376048742	-0.919323779328854	-0.384526127710644	0.0835670142363032	0.390911784138905	-0.916767008425289	0.0820135920703697	0.0450751126659895	0.108064376048742	0.993121505580936
2017	1	26	12	25	42.248	0.6045408245	0.395758052492	1.53555615585	-0.381114721932514	-0.91823311075178	0.107701081913838	-0.920735074936604	-0.381114721932514	0.0836569812256443	0.387508118973233	-0.91823311075178	0.0817643690670659	0.0456550053259444	0.107701081913838	0.993134481046387
2017	1	26	12	25	42.262	0.604871417757	0.395516620793	1.53554998666	-0.377791350698808	-0.919611143553886	0.107652403543461	-0.922080614580547	-0.377791350698808	0.0839108786268575	0.384222103393642	-0.919611143553886	0.081784594608516	0.04626786658715	0.107652403543461	0.993111395832708
2017	1	26	12	25	42.265	0.605193073447	0.395260429674	1.53558451546	-0.37457332209055	-0.920892709408605	0.107941855348741	-0.923353397706467	-0.37457332209055	0.0843405556181127	0.381073710482544	-0.920892709408605	0.0820941224275262	0.0469183346144041	0.107941855348741	0.993049457852368
2017	1	26	12	25	42.278	0.605505491701	0.394990300753	1.53566217152	-0.371476287858096	-0.922070485670085	0.108588153199618	-0.924547442007653	-0.371476287858096	0.0849552531411337	0.378081047873823	-0.922070485670085	0.0827087703618346	0.0476103845367481	0.108588153199618	0.992946053050698
2017	1	26	12	25	42.281	0.605808561551	0.394707406327	1.53578483393	-0.368514024928163	-0.923138245851711	0.109604710104407	-0.925657825261826	-0.368514024928163	0.0857613197356027	0.375260109525473	-0.923138245851711	0.0836398783162415	0.048347086059832	0.109604710104407	0.992798754427327
2017	1	26	12	25	42.289	0.606102343419	0.394413305353	1.53595377553	-0.365698327199079	-0.924090861814776	0.110999155826613	-0.926680688020306	-0.365698327199079	0.0867619498052476	0.372624621594234	-0.924090861814776	0.0848938778250777	0.0491303758581876	0.110999155826613	0.992605356409995
2017	1	26	12	25	42.298	0.606387040467	0.394109973953	1.53616960517	-0.363039017227564	-0.924924292552099	0.112772891323421	-0.927613198688763	-0.363039017227564	0.0879569530443485	0.370185989144003	-0.924924292552099	0.0864718826467663	0.0499608552756829	0.112772891323421	0.992363939249446
2017	1	26	12	25	42.306	0.606662959511	0.393799826135	1.53643220947	-0.360544075295675	-0.925635567435437	0.114920694688392	-0.92845348594351	-0.360544075295675	0.0893425666103824	0.367953339976992	-0.925635567435437	0.0883693153659797	0.0508376242474006	0.114920694688392	0.992072966012691
2017	1	26	12	25	42.314	0.606930463103	0.393485720084	1.53674069626	-0.358219871379982	-0.926222772688974	0.117430401092984	-0.929200546111709	-0.358219871379982	0.0909113241252739	0.365933652103889	-0.926222772688974	0.0905755905874208	0.0517581622897453	0.117430401092984	0.991731411993958
2017	1	26	12	25	42.323	0.607189915466	0.393170945201	1.53709334348	-0.356071477354526	-0.926685048280397	0.120282684988832	-0.929854134061603	-0.356071477354526	0.0926519961096925	0.364131945727529	-0.926685048280397	0.09307388137518	0.0527182650438053	0.120282684988832	0.991338922983784
