year	month	day	hour	minute	second	x	y	z	ref_vec_x	ref_vec_y	ref_vec_z	rotation_11	rotation_12	rotation_13	rotation_21	rotation_22	rotation_23	rotation_31	rotation_32	rotation_33
2017	1	26	12	56	23.455	-0.834282952077	0.735471120344	1.49310821175	0.195281021677308	-0.969116725781834	0.150592477841902	-0.977318212468447	0.195281021677308	-0.081941650887365	-0.205119537313465	-0.969116725781834	0.13688954387464	-0.0526790944283409	0.150592477841902	0.987191378926926
2017	1	26	12	56	23.465	-0.83428909862	0.735450448199	1.49311867495	0.195173554796993	-0.969129913997693	0.150646916008027	-0.977329334462116	0.195173554796993	-0.0820649468880791	-0.205033522303452	-0.969129913997693	0.136925032505617	-0.0528074495850541	0.150646916008027	0.987176215255206
2017	1	26	12	56	23.472	-0.834293397801	0.735427666243	1.49312980642	0.195079443541353	-0.969139563408182	0.150706726275222	-0.977338230080515	0.195079443541353	-0.082182691186661	-0.204960239525162	-0.969139563408182	0.13696644425109	-0.0529271597280096	0.150706726275222	0.987160675077027
2017	1	26	12	56	23.481	-0.83429589055	0.735402578978	1.49314164885	0.194999650278349	-0.96914549217795	0.150771852089443	-0.977344826613575	0.194999650278349	-0.0822935373100679	-0.204900449361041	-0.96914549217795	0.137013943972148	-0.0530367395616042	0.150771852089443	0.987144848983266
2017	1	26	12	56	23.488	-0.834296636665	0.735375026245	1.49315423047	0.194934905967777	-0.96914757682411	0.150842158468015	-0.977349086193377	0.194934905967777	-0.0823962751118301	-0.204854697604726	-0.96914757682411	0.137067600858962	-0.0531348904792924	0.150842158468015	0.987128829810205
2017	1	26	12	56	23.497	-0.834295713475	0.735344887304	1.4931675636	0.194885700295642	-0.969145754378426	0.150917429710916	-0.977351005550455	0.194885700295642	-0.0824898525261774	-0.2048233085708	-0.969145754378426	0.13712738251853	-0.0532205243832151	0.150917429710916	0.9871127114944
2017	1	26	12	56	23.505	-0.834293214132	0.73531208363	1.49318164409	0.194852276949991	-0.969140022949477	0.150997371119138	-0.977350615017587	0.194852276949991	-0.0825733945780811	-0.204806383161448	-0.969140022949477	0.137193153378048	-0.0532927831987557	0.150997371119138	0.987096587560731
2017	1	26	12	56	23.513	-0.834289245649	0.735276580539	1.4931964512	0.194834632487882	-0.969130441129696	0.151081613901473	-0.977347977116048	0.194834632487882	-0.082646219577679	-0.204803800308086	-0.969130441129696	0.137264676647445	-0.0533510544088449	0.151081613901473	0.987080549364838
2017	1	26	12	56	23.522	-0.834283926857	0.7352383878	1.4932119483	0.194832518102302	-0.969117126519441	0.151169722420258	-0.977343184915079	0.194832518102302	-0.0827078520454071	-0.204815220996133	-0.969117126519441	0.13734161909271	-0.05339498242676	0.151169722420258	0.987064684240616
2017	1	26	12	56	23.53	-0.834277386366	0.73519755931	1.49322808377	0.194845444255167	-0.969100253535594	0.151261202726456	-0.977336360255661	0.194845444255167	-0.0827580314847055	-0.204840094655633	-0.969100253535594	0.137423557728356	-0.0534244751372277	0.151261202726456	0.987049073757763
2017	1	26	12	56	23.539	-0.834269760735	0.735154191992	1.49324479223	0.194872688174361	-0.969080050679214	0.151355511228595	-0.977327651924811	0.194872688174361	-0.0827967160389444	-0.204877667710737	-0.969080050679214	0.137509987451748	-0.0534397048695479	0.151355511228595	0.987033792311178
2017	1	26	12	56	23.547	-0.834261192921	0.735108423947	1.49326199575	0.194913304108167	-0.969056797400079	0.15145206269424	-0.977317233846258	0.194913304108167	-0.0828240804883177	-0.204926994052797	-0.969056797400079	0.137600328928341	-0.0534411034278219	0.15145206269424	0.987018906186744
2017	1	26	12	56	23.557	-0.834251831013	0.73506043189	1.49327960515	0.194966136454388	-0.969030820555366	0.151550237379694	-0.977305303268388	0.194966136454388	-0.0828405084456395	-0.204986947510705	-0.969030820555366	0.137693936555087	-0.0534293510509609	0.151550237379694	0.987004473139019
2017	1	26	12	56	23.563	-0.834241827177	0.735010427818	1.49329752121	0.195029836504341	-0.96900249023131	0.151649387729094	-0.977292078777937	0.195029836504341	-0.0828465788731661	-0.2050562370793	-0.96900249023131	0.137790106903207	-0.0534053592139945	0.151649387729094	0.986990542410927
2017	1	26	12	56	23.573	-0.834231336636	0.734958654754	1.49331563614	0.19510288392014	-0.968972214495032	0.151748845869212	-0.977277797851813	0.19510288392014	-0.0828430474569598	-0.20513342614172	-0.968972214495032	0.137888088738488	-0.0533702473787721	0.151748845869212	0.986977154989968
2017	1	26	12	56	23.58	-0.834220516434	0.734905381367	1.49333383547	0.195183614344199	-0.968940432534594	0.151847933443981	-0.977262713583024	0.195183614344199	-0.0828308235615191	-0.205216957242505	-0.968940432534594	0.13798709599017	-0.0533253138806736	0.151847933443981	0.986964343838378
2017	1	26	12	56	23.59	-0.834209523843	0.734850895248	1.49335200051	0.195270254578376	-0.968907605712752	0.151945974836053	-0.977247090239753	0.195270254578376	-0.0828109430862387	-0.20530518392249	-0.968907605712752	0.138086324618098	-0.0532720008305343	0.151945974836053	0.986952133924758
2017	1	26	12	56	23.597	-0.834198514293	0.734795494819	1.49337001152	0.195360966354861	-0.968874206294261	0.152042313855583	-0.977231197433211	0.195360966354861	-0.0827845371319304	-0.20539641060486	-0.968874206294261	0.138184973453356	-0.0532118527575683	0.152042313855583	0.986940542040678
2017	1	26	12	56	23.607	-0.834187638919	0.734739480178	1.49338775148	0.195453897914386	-0.968840704153626	0.152136332824143	-0.977215302979856	0.195453897914386	-0.08275279700446	-0.20548893976179	-0.968840704153626	0.138282267882331	-0.0531464698504402	0.152136332824143	0.986929576503439
2017	1	26	12	56	23.622	-0.834177041878	0.73468314374	1.49340510987	0.195547238771831	-0.968807552771771	0.152227471571609	-0.977199665171247	0.195547238771831	-0.0827169377933887	-0.20558112196861	-0.968807552771771	0.138377483654316	-0.0530774592395921	0.152227471571609	0.986919236928526
2017	1	26	12	56	23.622	-0.834166857727	0.734626761832	1.49342198618	0.195639270734144	-0.968775176388836	0.152315243358605	-0.977184525538837	0.195639270734144	-0.0826781639494407	-0.205671402311327	-0.968775176388836	0.138469967444465	-0.0530063894142086	0.152315243358605	0.986909514252385
2017	1	26	12	56	23.638	-0.83415720905	0.734570587957	1.49343829245	0.195728409646693	-0.968743959698225	0.152399246078778	-0.977170103001673	0.195728409646693	-0.0826376394681966	-0.205758357974238	-0.968743959698225	0.138559152248954	-0.0529347515668535	0.152399246078778	0.986900391058376
2017	1	26	12	56	23.639	-0.834148204505	0.734514847884	1.49345395511	0.195813236094147	-0.968714240421559	0.152479168986518	-0.977156589695746	0.195813236094147	-0.082596463510956	-0.205840725397837	-0.968714240421559	0.138644567770156	-0.0528639289295741	0.152479168986518	0.986891842120153
2017	1	26	12	56	23.655	-0.83413993729	0.734459736357	1.49346891607	0.195892515705709	-0.96868630449533	0.152554795970726	-0.977144148389642	0.195892515705709	-0.0825556512806328	-0.205917417693085	-0.96868630449533	0.138725846812311	-0.052795173628773	0.152554795970726	0.98688383504232
2017	1	26	12	56	23.655	-0.834132484002	0.734405415225	1.49348313337	0.195965210684637	-0.9686603834222	0.152626006269188	-0.977132911212885	0.195965210684637	-0.0825161197946118	-0.205987533924287	-0.9686603834222	0.138802728561607	-0.0527295902925831	0.152626006269188	0.986876330913805
2017	1	26	12	56	23.672	-0.834125903783	0.734352012676	1.49349658135	0.196030484050971	-0.968636653399514	0.15269277328588	-0.977122979455984	0.196030484050971	-0.0824786781041168	-0.206050361715755	-0.968636653399514	0.138875059416001	-0.0526681256156615	0.15269277328588	0.986869284926023
2017	1	26	12	56	23.672	-0.834120237769	0.734299623354	1.49350925055	0.19608769785373	-0.968615235950599	0.152755161728796	-0.977114424264504	0.19608769785373	-0.0824440212791131	-0.206105374348397	-0.968615235950599	0.138942791641285	-0.0526115629776742	0.152755161728796	0.986862646980954
2017	1	26	12	56	23.681	-0.834115508862	0.734248309194	1.49352114716	0.196136406606637	-0.968596199867007	0.152813322739312	-0.977107288049872	0.196136406606637	-0.0824127274349086	-0.206152223472045	-0.968596199867007	0.139005979586222	-0.0525605212812506	0.152813322739312	0.986856362393238
2017	1	26	12	56	23.69	-0.834111721886	0.734198100961	1.49353229202	0.196176346881892	-0.968579564360854	0.152867486492757	-0.977101586479377	0.196176346881892	-0.0823852573192582	-0.206190728265497	-0.968579564360854	0.13906477296527	-0.0525154575037577	0.152867486492757	0.986850372800536
2017	1	26	12	56	23.697	-0.834108864183	0.734149000422	1.49354271932	0.196207423807405	-0.968565303312305	0.152917952060586	-0.977097310921808	0.196207423807405	-0.082361956219081	-0.206220861738357	-0.968565303312305	0.139119406997844	-0.0524766726580681	0.152917952060586	0.986844617335644
2017	1	26	12	56	23.707	-0.834106906685	0.734100983119	1.49355247479	0.196229694922195	-0.968553350500146	0.152965074659817	-0.977094431281493	0.196229694922195	-0.0823430579310536	-0.206242734595504	-0.968553350500146	0.139170189557641	-0.0524443208103897	0.152965074659817	0.98683903406232
2017	1	26	12	56	23.714	-0.834105805459	0.734054001653	1.49356161348	0.196243352158293	-0.968543605610989	0.153009250582246	-0.977092899097224	0.196243352158293	-0.0823286904272075	-0.206256577386044	-0.968543605610989	0.139217485665628	-0.0524184206055265	0.153009250582246	0.986833561659453
2017	1	26	12	56	23.722	-0.834105503648	0.734007989401	1.49357019735	0.196248702927281	-0.968535940769786	0.153050900149415	-0.977092650738576	0.196248702927281	-0.0823188828399913	-0.206262721866271	-0.968535940769786	0.139261699707794	-0.0523988686994457	0.153050900149415	0.986828141330836
2017	1	26	12	56	23.731	-0.834105933682	0.733962864534	1.49357829249	0.196246151326863	-0.9685302072995	0.153090449204979	-0.977093610511216	0.196246151326863	-0.0823135735316424	-0.206261582570828	-0.9685302072995	0.139303255897936	-0.0523854545988931	0.153090449204979	0.986822718885558
2017	1	26	12	56	23.739	-0.8341070196	0.733918534173	1.49358596625	0.196236180154155	-0.968526242421594	0.153128310051456	-0.977095693533566	0.196236180154155	-0.0823126191823981	-0.206253639306287	-0.968526242421594	0.139342577892118	-0.0523778765422256	0.153128310051456	0.986817246864744
2017	1	26	12	56	23.747	-0.834108679311	0.733874898467	1.49359328442	0.196219334144614	-0.968523875594676	0.153164863173354	-0.977098808285944	0.196219334144614	-0.0823158050074989	-0.206239421065238	-0.968523875594676	0.139380068882689	-0.0523757581793668	0.153164863173354	0.986811686515834
2017	1	26	12	56	23.755	-0.83411082658	0.733831854368	1.49360030862	0.196196205000013	-0.968522934133329	0.153200441257064	-0.977102858695432	0.196196205000013	-0.0823228563207537	-0.206219492026707	-0.968522934133329	0.139416093640631	-0.0523786658617947	0.153200441257064	0.986806009386434
2017	1	26	12	56	23.764	-0.834113372551	0.733789298926	1.49360709408	0.196167418957687	-0.968523247785218	0.153235316552851	-0.977107745599943	0.196167418957687	-0.0823334514524677	-0.206194440441174	-0.968523247785218	0.139450963534586	-0.0523861262143684	0.153235316552851	0.986800198389319
2017	1	26	12	56	23.772	-0.834116226678	0.733747132065	1.49361368792	0.196133627664456	-0.968524652071506	0.153269691814621	-0.977113367475112	0.196133627664456	-0.0823472355372497	-0.206164871096631	-0.968524652071506	0.139484924832319	-0.0523976433358986	0.153269691814621	0.986794248333408
2017	1	26	12	56	23.78	-0.834119296995	0.733705258856	1.49362012774	0.196095502970294	-0.968526990319512	0.15330369446773	-0.977119620368698	0.196095502970294	-0.0823638343288972	-0.206131401833657	-0.968526990319512	0.139518150076322	-0.0524127147610402	0.15330369446773	0.986788166018382
2017	1	26	12	56	23.788	-0.834122489903	0.733663591366	1.4936264407	0.19605373478445	-0.968530114650084	0.153337373438322	-0.977126397288441	0.19605373478445	-0.0823828671459042	-0.206094663103677	-0.968530114650084	0.139550732194701	-0.0524308455233495	0.153337373438322	0.986781970014016
2017	1	26	12	56	23.797	-0.834125709923	0.733622050306	1.49363264278	0.196009028790015	-0.968533886685745	0.153370697899565	-0.977133587734139	0.196009028790015	-0.0824039583673221	-0.206055297281333	-0.968533886685745	0.139582680887373	-0.0524515603591522	0.153370697899565	0.986775690236484
2017	1	26	12	56	23.807	-0.834128860154	0.733580566831	1.49363873805	0.195962099450894	-0.968538179049422	0.153403557007091	-0.9771410783083	0.195962099450894	-0.082426747244395	-0.206013953135567	-0.968538179049422	0.139613920642198	-0.0524744146794377	0.153403557007091	0.986769367431733
2017	1	26	12	56	23.813	-0.834131843827	0.733539084773	1.49364471824	0.195913655350244	-0.968542878380009	0.15343575980414	-0.97714875501495	0.195913655350244	-0.0824508958110195	-0.205971272458868	-0.968542878380009	0.139644289754514	-0.0524990046992195	0.15343575980414	0.986763052672179
2017	1	26	12	56	23.823	-0.834134567036	0.7334975634	1.49365056201	0.195864377349668	-0.96854788980174	0.153467035046695	-0.977156507186244	0.195864377349668	-0.0824760944092655	-0.205927869256534	-0.96854788980174	0.139673540171576	-0.0525249762212536	0.153467035046695	0.98675680693215
2017	1	26	12	56	23.83	-0.834136942155	0.733455980396	1.49365623448	0.195814893540444	-0.968553141976517	0.153497031356187	-0.977164232307668	0.195814893540444	-0.0825020640124199	-0.205884305326516	-0.968553141976517	0.139701338532011	-0.0525520305866738	0.153497031356187	0.986750700757823
2017	1	26	12	56	23.84	-0.83413889135	0.733414334667	1.4936616869	0.195765756036368	-0.968558591596053	0.153525318462391	-0.977171840797923	0.195765756036368	-0.0825285545439135	-0.20584106714704	-0.968558591596053	0.139727269068128	-0.0525799260874919	0.153525318462391	0.986744814003932
2017	1	26	12	56	23.855	-0.834140349744	0.733372648615	1.49366685662	0.195717422931884	-0.968564226492705	0.153551390483741	-0.977179260079702	0.195717422931884	-0.082555339203403	-0.205798547409448	-0.968564226492705	0.139750839148641	-0.0526084741676467	0.153551390483741	0.986739235525912
2017	1	26	12	56	23.855	-0.834141267909	0.733330969603	1.49367166762	0.195670246360495	-0.96857006699891	0.153574672400595	-0.977186437653085	0.195670246360495	-0.08258220605007	-0.205757032361624	-0.96857006699891	0.139771488320989	-0.0526375312928933	0.153574672400595	0.986734062600679
2017	1	26	12	56	23.872	-0.834141613564	0.733289370491	1.49367603162	0.195624466576415	-0.968576165412168	0.153594530736463	-0.977193343039129	0.195624466576415	-0.0826089486478559	-0.205716695199483	-0.968576165412168	0.139788601508364	-0.0526669881065343	0.153594530736463	0.986729399831399
2017	1	26	12	56	23.872	-0.834141372384	0.733247949182	1.49367984993	0.195580211833861	-0.968582603569517	0.153610288722854	-0.977199968524167	0.195580211833861	-0.082635357174693	-0.205677595500088	-0.968582603569517	0.139801526357185	-0.0526967572595256	0.153610288722854	0.986725357418574
2017	1	26	12	56	23.889	-0.834140548017	0.733206827266	1.49368301605	0.195537503868735	-0.968589488652356	0.153621245447858	-0.97720632867404	0.195537503868735	-0.0826612108560473	-0.205639684600717	-0.968589488652356	0.139809594053784	-0.0527267609162654	0.153621245447858	0.986722048821413
2017	1	26	12	56	23.889	-0.834139161377	0.733166147822	1.49368541884	0.195496268372613	-0.968596947486803	0.153626698108206	-0.977212458673502	0.195496268372613	-0.0826862725346376	-0.205602816390739	-0.968596947486803	0.139812142575109	-0.0527569190294983	0.153626698108206	0.986719587888517
2017	1	26	12	56	23.905	-0.834137249326	0.733126072435	1.49368694615	0.195456349475681	-0.968605119703853	0.153625966337484	-0.977218411604231	0.195456349475681	-0.0827102863696184	-0.205566762632101	-0.968605119703853	0.139808541171284	-0.0527871397469246	0.153625966337484	0.986718085546329
2017	1	26	12	56	23.905	-0.834134862764	0.733086777461	1.49368748901	0.195417527512184	-0.968614150073715	0.153618417574196	-0.97722425472088	0.195417527512184	-0.0827329796770661	-0.205531232179927	-0.968614150073715	0.139798214851178	-0.052817313296133	0.153618417574196	0.986717646137018
2017	1	26	12	56	23.922	-0.834132064136	0.733048449629	1.49368694583	0.195379539421182	-0.968624180312699	0.153603492437896	-0.977230064809176	0.195379539421182	-0.082754069438429	-0.205495893483004	-0.968624180312699	0.13978066774477	-0.0528473101933801	0.153603492437896	0.986718363524368
2017	1	26	12	56	23.922	-0.834128924508	0.733011281139	1.49368522679	0.195342100986378	-0.968635340722576	0.153580728887079	-0.977235922823337	0.195342100986378	-0.0827732730164042	-0.205460399443603	-0.968635340722576	0.139755504234123	-0.0528769836894632	0.153580728887079	0.986720317167138
2017	1	26	12	56	23.938	-0.834125520447	0.732975464511	1.49368225799	0.195304929764066	-0.96864774211594	0.153549783795176	-0.977241908155265	0.195304929764066	-0.0827903216258432	-0.205424413214833	-0.96864774211594	0.139722446833119	-0.0529061754467198	0.153549783795176	0.986723568430417
2017	1	26	12	56	23.94	-0.834121930978	0.732941187305	1.49367798525	0.195267767553277	-0.968661468408831	0.153510451027958	-0.977248092917619	0.195267767553277	-0.0828049747517406	-0.20538763349118	-0.968661468408831	0.139681350326163	-0.0529347229875602	0.153510451027958	0.986728157360184
2017	1	26	12	56	23.947	-0.834118234774	0.732908626813	1.49367237744	0.195230401134962	-0.968676570185834	0.153462675741336	-0.97725453663221	0.195230401134962	-0.0828170339027314	-0.205349817784517	-0.968676570185834	0.139632212289552	-0.0529624675372104	0.153462675741336	0.986734100042499
2017	1	26	12	56	23.956	-0.834114507729	0.732877944764	1.4936654292	0.195192680433223	-0.968693059410177	0.153406564904653	-0.977261281597635	0.195192680433223	-0.0828263544739302	-0.205310802670024	-0.968693059410177	0.139575180306323	-0.0529892611492016	0.153406564904653	0.986741386608982
2017	1	26	12	56	23.963	-0.834110820935	0.732849282184	1.49365716311	0.195154533335289	-0.968710905451214	0.153342393937795	-0.977268349165624	0.195154533335289	-0.0828328548209115	-0.205270520110432	-0.968710905451214	0.139510555993018	-0.0530149723445101	0.153342393937795	0.986749979948689
2017	1	26	12	56	23.974	-0.834107239141	0.732822754611	1.49364763081	0.195115976528288	-0.968730032586546	0.153270609277454	-0.977275737103119	0.195115976528288	-0.0828365219753286	-0.205229009131005	-0.968730032586546	0.139438795806531	-0.0530394898227964	0.153270609277454	0.986759815178474
2017	1	26	12	56	23.98	-0.8341038197	0.732798447882	1.49363691354	0.195077121839423	-0.968750319089154	0.15319182680388	-0.977283418160885	0.195077121839423	-0.082837413785221	-0.205186422302652	-0.968750319089154	0.139360508636058	-0.0530627241141529	0.15319182680388	0.986770799887226
2017	1	26	12	56	23.99	-0.834100612029	0.732776414725	1.49362512167	0.195038177745843	-0.96877159793447	0.153106826291563	-0.977291339905088	0.195038177745843	-0.0828356575883755	-0.205143026728617	-0.96877159793447	0.139276450342891	-0.0530846072900563	0.153106826291563	0.986782815117788
2017	1	26	12	56	23.997	-0.834097657509	0.73275667231	1.49361239336	0.194999446143899	-0.968793659051177	0.153016542196604	-0.977299425762394	0.194999446143899	-0.0828314457683107	-0.205099199692196	-0.968793659051177	0.13918751548847	-0.0531050909999839	0.153016542196604	0.986795717017498
2017	1	26	12	56	24.005	-0.834094989756	0.732739200906	1.49359889251	0.194961314603393	-0.968816253028461	0.152922050980266	-0.977307577194566	0.194961314603393	-0.082825028621813	-0.205055419263201	-0.968816253028461	0.139094726351099	-0.0531241431825505	0.152922050980266	0.986809339100066
2017	1	26	12	56	24.014	-0.83409263522	0.732723943847	1.49358480577	0.194924244306214	-0.968839096283605	0.152824554617442	-0.977315676915257	0.194924244306214	-0.0828167050619895	-0.205012250118647	-0.968839096283605	0.138999218751967	-0.0531417440150624	0.152824554617442	0.986823495134271
2017	1	26	12	56	24.022	-0.834090614107	0.732710809103	1.4935703387	0.194888753163943	-0.968861877917077	0.152725359417483	-0.977323593171923	0.194888753163943	-0.0828068120369619	-0.204970324158476	-0.968861877917077	0.138902223644422	-0.0531578822366966	0.152725359417483	0.986837982724069
2017	1	26	12	56	24.03	-0.834088941582	0.732699672725	1.49355571084	0.194855393303618	-0.968884268533162	0.152625849348828	-0.977331185130887	0.194855393303618	-0.0827957140868295	-0.204930315275008	-0.968884268533162	0.138805043389081	-0.0531725535585935	0.152625849348828	0.986852587602934
2017	1	26	12	56	24.039	-0.834087629199	0.732690384308	1.49354115008	0.194824722393707	-0.968905931169715	0.152527453556275	-0.977338309349307	0.194824722393707	-0.0827837944434356	-0.204892907937641	-0.968905931169715	0.138709022132678	-0.0531857627104777	0.152527453556275	0.986867088597316
2017	1	26	12	56	24.047	-0.834086686417	0.732682774201	1.49352688596	0.194797270286526	-0.968926533901988	0.152431608892635	-0.977344826994417	0.194797270286526	-0.0827714481942308	-0.204858761170746	-0.968926533901988	0.138615510936786	-0.0531975292550261	0.152431608892635	0.98688126311708
2017	1	26	12	56	24.057	-0.834086121929	0.732676661602	1.493513143	0.194773505684052	-0.968945762729427	0.152339720270956	-0.977350610928207	0.194773505684052	-0.0827590768544783	-0.20482847263793	-0.968945762729427	0.138525830390946	-0.0532078952325069	0.152339720270956	0.986894892839503
2017	1	26	12	56	24.063	-0.834085944432	0.732671862291	1.49350013445	0.194753808805524	-0.968963332921789	0.152253122821308	-0.977355551575982	0.194753808805524	-0.0827470830866568	-0.204802548782751	-0.968963332921789	0.138441234699738	-0.0532169316636896	0.152253122821308	0.986907769133196
2017	1	26	12	56	24.073	-0.834086162717	0.732668195169	1.49348805686	0.194738453899076	-0.968978997637633	0.152173048566971	-0.97735956089541	0.194738453899076	-0.0827358646496677	-0.204781384845054	-0.968978997637633	0.138362879986325	-0.0532247418713574	0.152173048566971	0.986919697920029
2017	1	26	12	56	24.08	-0.834086785184	0.732665487422	1.49347708583	0.194727601608802	-0.968992553745021	0.152100598152624	-0.977362574470881	0.194727601608802	-0.0827258073114723	-0.204765254758273	-0.968992553745021	0.13829179740853	-0.0532314612558288	0.152100598152624	0.986930503923242
2017	1	26	12	56	24.09	-0.834087819121	0.732663578493	1.4934673725	0.194721299195092	-0.969003845310861	0.152036717317037	-0.977364552119187	0.194721299195092	-0.0827172769174358	-0.204754308960432	-0.969003845310861	0.138228870844339	-0.0532372540895583	0.152036717317037	0.986940034330589
2017	1	26	12	56	24.097	-0.834089269981	0.732662322997	1.49345904089	0.194719486422977	-0.969012765205379	0.151982178153222	-0.97736547741339	0.194719486422977	-0.0827106109738598	-0.204748578011962	-0.969012765205379	0.138174819236738	-0.0532423080132408	0.151982178153222	0.986948161840948
2017	1	26	12	56	24.107	-0.834091140825	0.732661592746	1.49345218609	0.194722005195714	-0.969019255171057	0.151937565467827	-0.977365356480193	0.194722005195714	-0.0827061100820641	-0.204747980182662	-0.969019255171057	0.138130183952858	-0.0532468267924639	0.151937565467827	0.986954787027371
2017	1	26	12	56	24.121	-0.834093432077	0.732661277988	1.49344687326	0.194728611411196	-0.969023304628849	0.151903268510106	-0.977364216345358	0.194728611411196	-0.0827040295601801	-0.204752331562662	-0.969023304628849	0.138095321448048	-0.0532510218425665	0.151903268510106	0.986959839957366
2017	1	26	12	56	24.123	-0.834096141553	0.732661287927	1.49344313748	0.194738987885659	-0.96902494840069	0.151879478450213	-0.977362103008709	0.194738987885659	-0.0827045718183838	-0.204761357652382	-0.96902494840069	0.138070401568884	-0.0532551031803195	0.151879478450213	0.986963280984123
2017	1	26	12	56	24.138	-0.834099264789	0.732661550565	1.49344098435	0.194752757535599	-0.969024263437716	0.151866192094464	-0.97735907934992	0.194752757535599	-0.0827078801841537	-0.204774705753056	-0.969024263437716	0.138055411892261	-0.0532592705172135	0.151866192094464	0.986965100600169
2017	1	26	12	56	24.138	-0.834102795606	0.732662011874	1.49344039163	0.194769496107795	-0.969021364670127	0.151863222008362	-0.977355222959821	0.194769496107795	-0.082714034716446	-0.204791957537844	-0.969021364670127	0.138050168202227	-0.0532637050999588	0.151863222008362	0.986965318296577
2017	1	26	12	56	24.155	-0.834106726865	0.732662634367	1.4934413114	0.194788743892343	-0.969016400171379	0.15187021252288	-0.977350623982384	0.194788743892343	-0.0827230503190545	-0.204812641257267	-0.969016400171379	0.138054330537378	-0.0532685627970918	0.15187021252288	0.986963980480437
2017	1	26	12	56	24.155	-0.834111051342	0.732663395203	1.49344367311	0.194810016214191	-0.969009545859136	0.151886660429738	-0.97734538299501	0.194810016214191	-0.0827348772946755	-0.20483624332971	-0.969009545859136	0.138067423574293	-0.0532739688488653	0.151886660429738	0.986961157607832
2017	1	26	12	56	24.172	-0.834115762612	0.732664284013	1.49344738701	0.194832812685641	-0.969000999977947	0.151911938776192	-0.977339608935613	0.194832812685641	-0.0827494042672525	-0.204862219202082	-0.969000999977947	0.138088859743782	-0.0532800145381131	0.151911938776192	0.986956940756828
2017	1	26	12	56	24.172	-0.834120855871	0.732665300563	1.49345234796	0.19485662527763	-0.968990977595054	0.151945322155028	-0.977333417082195	0.19485662527763	-0.0827664632556836	-0.204890003420119	-0.968990977595054	0.138117963487324	-0.053286755886851	0.151945322155028	0.986951437874356
2017	1	26	12	56	24.189	-0.834126328571	0.73266645241	1.49345843931	0.194880945291667	-0.968979705315162	0.151986012019422	-0.977326927095389	0.194880945291667	-0.0827858365694898	-0.204919018864166	-0.968979705315162	0.138153995219426	-0.0532942143391913	0.151986012019422	0.986944769917953
2017	1	26	12	56	24.189	-0.834132180809	0.73266775262	1.49346553672	0.19490526957359	-0.9689674163531	0.152033160654	-0.977320261106798	0.19490526957359	-0.0828072649142934	-0.204948685328624	-0.9689674163531	0.138196173709937	-0.0533023790482956	0.152033160654	0.98693706711692
2017	1	26	12	56	24.197	-0.834138415511	0.732669217669	1.49347351149	0.194929106424961	-0.968954346056885	0.152085892593104	-0.977313541849357	0.194929106424961	-0.0828304556683834	-0.204978427685133	-0.968954346056885	0.138243695846159	-0.0533112099055763	0.152085892593104	0.986928465580238
2017	1	26	12	56	24.207	-0.834145038499	0.732670865635	1.49348223366	0.194951981717062	-0.968940727905951	0.152143322658859	-0.97730689081518	0.194951981717062	-0.0828550903068561	-0.205007683940648	-0.968940727905951	0.138295753117653	-0.0533206403792983	0.152143322658859	0.986919104425416
2017	1	26	12	56	24.214	-0.834152058492	0.732672714735	1.49349157437	0.194973445254319	-0.968926790024809	0.152204570292355	-0.977300426477376	0.194973445254319	-0.0828808304302044	-0.20503591314341	-0.968926790024809	0.138351544601668	-0.0533305796760846	0.152204570292355	0.986909123503037
2017	1	26	12	56	24.222	-0.834159487046	0.732674782279	1.49350140786	0.194993077207791	-0.96891275223525	0.152268770261497	-0.977294262609332	0.194993077207791	-0.0829073224264182	-0.205062602969008	-0.96891275223525	0.13841028653784	-0.0533409142634107	0.152268770261497	0.986898661701694
2017	1	26	12	56	24.23	-0.834167338449	0.732677084013	1.4935116128	0.195010494290991	-0.96889882364925	0.152335080160425	-0.977288506737301	0.195010494290991	-0.0829342011208846	-0.205087276735914	-0.96889882364925	0.138471218858456	-0.0533515090716519	0.152335080160425	0.986887855752767
2017	1	26	12	56	24.239	-0.834175629476	0.732679633826	1.49352207318	0.195025355635793	-0.968885200714066	0.152402685331974	-0.977283258684359	0.195025355635793	-0.0829610930160212	-0.205109499928928	-0.968885200714066	0.138533609193471	-0.0533622088578195	0.152402685331974	0.98687683941281
2017	1	26	12	56	24.247	-0.834184379019	0.732682443814	1.49353267889	0.195037368130892	-0.968872065648046	0.152470801924382	-0.977278609199777	0.195037368130892	-0.0829876197581539	-0.205128886125455	-0.968872065648046	0.138596754954144	-0.0533728402605586	0.152470801924382	0.986865742886568
2017	1	26	12	56	24.255	-0.834193607554	0.732685524613	1.49354332598	0.19504629074004	-0.968859585247678	0.152538678839988	-0.977274638729792	0.19504629074004	-0.083013402316167	-0.205145101958227	-0.968859585247678	0.138659984192433	-0.0533832149472336	0.152538678839988	0.98685469235326
2017	1	26	12	56	24.264	-0.834203336514	0.73268888589	1.49355391672	0.195051937336164	-0.96884791001357	0.152605599516354	-0.977271416402261	0.195051937336164	-0.0830380661174542	-0.205157870743085	-0.96884791001357	0.138722656168705	-0.0533931339713397	0.152605599516354	0.986843809445534
2017	1	26	12	56	24.272	-0.834213587587	0.732692536894	1.49356435986	0.195054177978824	-0.968837173485168	0.152670884343665	-0.97726899923651	0.195054177978824	-0.0830612471870925	-0.205166974751412	-0.968837173485168	0.138784162441631	-0.0534023932293635	0.152670884343665	0.986833210563518
2017	1	26	12	56	24.28	-0.834224381968	0.732696486997	1.49357457068	0.195052938786351	-0.968827491714629	0.152733893974937	-0.977267431548124	0.195052938786351	-0.0830825992981683	-0.205172256292392	-0.968827491714629	0.138843928732331	-0.0534107899512923	0.152733893974937	0.986823005988425
2017	1	26	12	56	24.291	-0.834235739584	0.732700746258	1.49358447135	0.195048200645636	-0.968818962871916	0.152794033275795	-0.977266744493605	0.195048200645636	-0.0831018022173457	-0.205173617843208	-0.968818962871916	0.138901417274677	-0.0534181303304416	0.152794033275795	0.986813298829781
2017	1	26	12	56	24.297	-0.834247678221	0.732705325967	1.49359399113	0.19503999716979	-0.968811666932047	0.152850755707508	-0.977266955669061	0.19503999716979	-0.0831185710977626	-0.205171021628339	-0.968811666932047	0.138956129409003	-0.0534242383315764	0.152850755707508	0.986804183837064
2017	1	26	12	56	24.307	-0.834260212516	0.732710239119	1.49360306679	0.19502841245174	-0.968805665334971	0.152903568144819	-0.977268068677121	0.19502841245174	-0.0831326667480556	-0.205164489150372	-0.968805665334971	0.139007608448352	-0.0534289653255252	0.152903568144819	0.98679574609583
2017	1	26	12	56	24.314	-0.834273352828	0.732715500788	1.49361164284	0.195013578908119	-0.968801000579057	0.152952036006272	-0.977270072659863	0.195013578908119	-0.0831439061196501	-0.205154100861694	-0.968801000579057	0.139055442815615	-0.0534321998706417	0.152952036006272	0.98678805966556
2017	1	26	12	56	24.322	-0.83428710406	0.732721128396	1.49361967202	0.194995675044732	-0.96879769585566	0.152995788238151	-0.977272941902794	0.194995675044732	-0.0831521721815372	-0.205139995664959	-0.96879769585566	0.139099269168981	-0.0534338769250321	0.152995788238151	0.986781186270871
2017	1	26	12	56	24.338	-0.83430146455	0.732727141866	1.4936271155	0.194974922594542	-0.968795754935076	0.1530345215271	-0.977276635695695	0.194974922594542	-0.0831574222938409	-0.205122369536519	-0.968795754935076	0.139138775097023	-0.053433985805175	0.1530345215271	0.986775174182014
2017	1	26	12	56	24.338	-0.834316425134	0.732733563712	1.49363394314	0.194951582723622	-0.968795162455827	0.153068003174221	-0.97728109859331	0.194951582723622	-0.0831596941180505	-0.205101472801197	-0.968795162455827	0.1391737010249	-0.053432576084565	0.153068003174221	0.986770057418254
2017	1	26	12	56	24.355	-0.83433196846	0.732740419039	1.49364013351	0.194925951218195	-0.968795884655194	0.153096072506262	-0.97728626115979	0.194925951218195	-0.0831591082804523	-0.205077605851844	-0.968795884655194	0.139203841373852	-0.0534297606806729	0.153096072506262	0.986765855335886
2017	1	26	12	56	24.355	-0.834348068565	0.732747735372	1.49364567388	0.194898352832258	-0.968797870425569	0.153118641328072	-0.977292041182709	0.194898352832258	-0.0831558675272314	-0.205051113479828	-0.968797870425569	0.139229045531328	-0.0534257157333093	0.153118641328072	0.986762572545305
2017	1	26	12	56	24.372	-0.834364690697	0.732755542226	1.49365056004	0.194869135049597	-0.968801052537483	0.15313569409934	-0.977298345297659	0.194869135049597	-0.0831502524559	-0.205022378115932	-0.968801052537483	0.139249219293872	-0.0534206771779049	0.15313569409934	0.986760199056776
2017	1	26	12	56	24.372	-0.834381791424	0.732763870405	1.49365479624	0.194838661390669	-0.968805348980574	0.153147287975075	-0.977305070984318	0.194838661390669	-0.0831426139583641	-0.204991812137287	-0.968805348980574	0.139264326887037	-0.0534149341009472	0.153147287975075	0.986758710628323
2017	1	26	12	56	24.388	-0.834399318978	0.732772751103	1.49365839493	0.194807304549601	-0.968810664441787	0.15315355222123	-0.977312108851677	0.194807304549601	-0.0831333626530658	-0.204959849535436	-0.968810664441787	0.139274392988351	-0.0534088192183543	0.15315355222123	0.986758069372488
2017	1	26	12	56	24.389	-0.834417213837	0.732782214983	1.49366137642	0.194775439571941	-0.968816891988661	0.153154686304366	-0.977319345131194	0.194775439571941	-0.0831229557456312	-0.204926937179	-0.968816891988661	0.139279503933154	-0.0534026970364514	0.153154686304366	0.986758224699569
2017	1	26	12	56	24.405	-0.834435409533	0.73279229135	1.49366376836	0.194743437644793	-0.968823914919203	0.15315095616717	-0.977326664231372	0.194743437644793	-0.0831118816816723	-0.204893526262901	-0.968823914919203	0.139279807496219	-0.0533969500808207	0.15315095616717	0.986759114651163
2017	1	26	12	56	24.405	-0.834453833679	0.732803007513	1.49366560504	0.194711661343165	-0.968831608619869	0.153142688614314	-0.977333951167797	0.194711661343165	-0.0831006427876822	-0.204860064804339	-0.968831608619869	0.139275511082881	-0.0533919632819691	0.153142688614314	0.986760667629631
2017	1	26	12	56	24.414	-0.83447240918	0.73281438832	1.4936669265	0.194680462089933	-0.968839842201775	0.153130264294459	-0.977341093678288	0.194680462089933	-0.0830897363588207	-0.204826992029013	-0.968839842201775	0.139266878685449	-0.053388106766161	0.153130264294459	0.986762804433281
2017	1	26	12	56	24.422	-0.83449105547	0.732826455784	1.49366777763	0.194650180027819	-0.968848479723484	0.153114110233612	-0.977347983882198	0.194650180027819	-0.0830796353900289	-0.204794735069411	-0.968848479723484	0.139254227315879	-0.0533857180269402	0.153114110233612	0.986765440395091
2017	1	26	12	56	24.43	-0.834509689592	0.732839228726	1.4936682074	0.194621146128429	-0.968857380868208	0.153094692974161	-0.977354519387977	0.194621146128429	-0.0830707705005336	-0.204763708083515	-0.968857380868208	0.139237923674138	-0.0533850848438474	0.153094692974161	0.986768487386663
2017	1	26	12	56	24.438	-0.834528227027	0.732852722413	1.49366826808	0.194593686083223	-0.968866401076675	0.153072512886135	-0.977360603844687	0.194593686083223	-0.0830635141857952	-0.204734313538335	-0.968866401076675	0.139218381418254	-0.0533864300392546	0.153072512886135	0.98677185554027
2017	1	26	12	56	24.448	-0.834546582236	0.732866948198	1.49366801478	0.194568125521454	-0.96887539121924	0.153048099696897	-0.977366146982508	0.194568125521454	-0.0830581679525465	-0.204706945291005	-0.96887539121924	0.139196058993742	-0.0533898986905908	0.153048099696897	0.986775454648613
2017	1	26	12	56	24.455	-0.834564668889	0.732881913147	1.4936675051	0.19454479596719	-0.968884196932945	0.153022009187197	-0.977371064240371	0.19454479596719	-0.0830549525779709	-0.204681992917571	-0.968884196932945	0.139171457953466	-0.0533955481377978	0.153022009187197	0.986779195232336
2017	1	26	12	56	24.463	-0.83458239975	0.732897619574	1.49366679904	0.194524041019983	-0.968892657704154	0.152994821194173	-0.97737527606552	0.194524041019983	-0.0830540017163802	-0.204659846818635	-0.968892657704154	0.139145121894926	-0.0534033410567298	0.152994821194173	0.986782989239145
2017	1	26	12	56	24.472	-0.834599686175	0.732914064441	1.49366595909	0.194506222235123	-0.968900605787743	0.152967139006929	-0.977378706976047	0.194506222235123	-0.0830553590182491	-0.204640903610302	-0.968900605787743	0.139117636098746	-0.0534131418228524	0.152967139006929	0.986786750349155
2017	1	26	12	56	24.48	-0.834616437228	0.732931238604	1.49366505065	0.194491724446749	-0.96890786503726	0.15293959000425	-0.97738128443832	0.194491724446749	-0.0830589787526283	-0.204625571534909	-0.96890786503726	0.139089627733163	-0.0534247162249049	0.15293959000425	0.986790393906234
2017	1	26	12	56	24.488	-0.834632558508	0.732949125908	1.49366414253	0.194480960343385	-0.968914249720873	0.15291282729631	-0.97738293761181	0.194480960343385	-0.0830647297547148	-0.204614275662131	-0.968914249720873	0.139061766431675	-0.0534377344258769	0.15291282729631	0.986793836516867
2017	1	26	12	56	24.497	-0.834647950686	0.732967702171	1.49366330771	0.194474373770668	-0.968919563475804	0.152887532063161	-0.977383596072021	0.194474373770668	-0.0830724026126095	-0.204607462329378	-0.968919563475804	0.139034764979806	-0.0534517772244961	0.152887532063161	0.986796995359825
2017	1	26	12	56	24.522	-0.834662507877	0.732986934125	1.49366262412	0.19447244117906	-0.968923598608701	0.152864416006549	-0.977383188635035	0.19447244117906	-0.0830817199838202	-0.20460560219536	-0.968923598608701	0.139009379573611	-0.0534663457128568	0.152864416006549	0.986799787289747
2017	1	26	12	56	24.522	-0.83467611594	0.733006778448	1.49366217544	0.194475670641088	-0.968926135993357	0.152844223043208	-0.977381642440948	0.194475670641088	-0.0830923495162661	-0.20460919121246	-0.968926135993357	0.138986408905209	-0.0534808740655683	0.152844223043208	0.986802127881523
2017	1	26	12	56	24.522	-0.834688650945	0.733027181014	1.49366205176	0.194484598038139	-0.968926945771494	0.152827729433725	-0.97737888243991	0.194484598038139	-0.0831039185986757	-0.204618748965387	-0.968926945771494	0.138966691439942	-0.0534947449040705	0.152827729433725	0.986803930567659
2017	1	26	12	56	24.53	-0.834699978014	0.733048076434	1.49366235018	0.19449977976341	-0.968925789030064	0.152815742070159	-0.977374831450416	0.19449977976341	-0.0831160304589729	-0.204634813644733	-0.968925789030064	0.138951100740706	-0.0535073069015564	0.152815742070159	0.986805105927046
2017	1	26	12	56	24.539	-0.834709950651	0.733069387894	1.4936631752	0.194521781424122	-0.968922420527153	0.152809095119987	-0.977369410895866	0.194521781424122	-0.0831282815692378	-0.204657933148525	-0.968922420527153	0.138940539077611	-0.0535178946189239	0.152809095119987	0.98680556109305
2017	1	26	12	56	24.547	-0.834718410576	0.733091027255	1.49366463927	0.194551162468602	-0.968916592429391	0.152808645361223	-0.977362542226041	0.194551162468602	-0.0831402804635938	-0.204688652271961	-0.968916592429391	0.138935929644224	-0.0535258506194694	0.152808645361223	0.986805199225425
2017	1	26	12	56	24.555	-0.834725188017	0.733112895336	1.49366686308	0.194588457005017	-0.968908058964296	0.152815266496666	-0.977354148968445	0.194588457005017	-0.083151668020391	-0.204727496273693	-0.968908058964296	0.138938207644785	-0.0535305498166392	0.152815266496666	0.986803919004116
2017	1	26	12	56	24.565	-0.834730102398	0.733134882322	1.49366997594	0.194634151307079	-0.968896581851227	0.152829842707446	-0.977344159325918	0.194634151307079	-0.0831621390807592	-0.204774951307599	-0.968896581851227	0.138948310511428	-0.0535314258028397	0.152829842707446	0.986801614119846
2017	1	26	12	56	24.572	-0.834732963422	0.733156868194	1.49367411614	0.194688658639613	-0.96888193636601	0.152853261596735	-0.977332509235713	0.194688658639613	-0.0831714649873	-0.204831442299759	-0.96888193636601	0.138967167449912	-0.0535279986215231	0.152853261596735	0.986798172770306
2017	1	26	12	56	24.581	-0.83473357249	0.733178723206	1.49367943114	0.194752292338575	-0.968863917894083	0.152886406301535	-0.977319145771728	0.194752292338575	-0.0831795163299834	-0.204897309087636	-0.968863917894083	0.138995688176193	-0.0535199031825112	0.152886406301535	0.986793477244117
