year	month	day	hour	minute	second	x	y	z	ref_vec_x	ref_vec_y	ref_vec_z	rotation_11	rotation_12	rotation_13	rotation_21	rotation_22	rotation_23	rotation_31	rotation_32	rotation_33
2017	1	26	11	57	33.917	-0.928817299598	1.06025501288	1.60915803299	0.0878836804155503	-0.98258662259001	0.163707018248374	-0.995833055956302	0.0878836804155503	0.024351250098288	-0.0826453434090187	-0.98258662259001	0.166412969206013	0.0385521967926255	0.163707018248374	0.985755416063584
2017	1	26	11	57	33.928	-0.928862144412	1.06036945243	1.60932837721	0.0879727935621082	-0.982362677358349	0.164998053704327	-0.99584664962166	0.0879727935621082	0.0234571530709313	-0.0828329285665925	-0.982362677358349	0.16763733497768	0.0377909563572581	0.164998053704327	0.985569625085609
2017	1	26	11	57	33.933	-0.928908732586	1.06048746597	1.60948377447	0.0880804030313428	-0.982152426714794	0.166188005885135	-0.995857479287106	0.0880804030313428	0.022577058040585	-0.0830422373139624	-0.982152426714794	0.168761955191723	0.0370387333722857	0.166188005885135	0.985398233675147
2017	1	26	11	57	33.945	-0.928958134148	1.06060892654	1.6096246212	0.0881961727762378	-0.981956794128898	0.167279076909579	-0.995866462377133	0.0881961727762378	0.0217123057292025	-0.0832624950067791	-0.981956794128898	0.169788725742738	0.036295261918058	0.167279076909579	0.985241272171735
2017	1	26	11	57	33.95	-0.929011305653	1.06073369151	1.60975135662	0.0883104900879184	-0.981776552805758	0.168273758207496	-0.995874459066196	0.0883104900879184	0.0208643025295121	-0.0834836320791556	-0.981776552805758	0.17071989789042	0.0355604408645832	0.168273758207496	0.985098673912538
2017	1	26	11	57	33.961	-0.929069067163	1.06086160262	1.60986446246	0.0884146322857509	-0.981612312106755	0.16917482530863	-0.995882258560424	0.0884146322857509	0.0200344673591319	-0.0836964574188728	-0.981612312106755	0.171558071031242	0.0348343235921048	0.16917482530863	0.984970277917905
2017	1	26	11	57	33.966	-0.929132083197	1.06099248576	1.60996446239	0.0885009015857039	-0.981464507089868	0.169985328017923	-0.99589056698094	0.0885009015857039	0.01922417792521	-0.0838928009582976	-0.981464507089868	0.172306178850948	0.0341171004886705	0.169985328017923	0.984855832958756
2017	1	26	11	57	33.978	-0.929200848075	1.06112615112	1.61005192061	0.0885627285907494	-0.981333391597833	0.170708575179035	-0.995899997100859	0.0885627285907494	0.0184347193922444	-0.0840656253788141	-0.981333391597833	0.172967468515799	0.0334090766735392	0.170708575179035	0.984755003011493
2017	1	26	11	57	33.995	-0.929275676046	1.0612623937	1.61012743932	0.0885947448220741	-0.981219035274978	0.171348113511511	-0.995911060223724	0.0885947448220741	0.0176672384364124	-0.0842091067622262	-0.981219035274978	0.173545472866192	0.032710647538156	0.171348113511511	0.984667374057697
2017	1	26	11	57	33.995	-0.92935669635	1.06140099444	1.61019165517	0.0885928248997889	-0.981121324743111	0.17190770055643	-0.995924160478896	0.0885928248997889	0.0169227051821451	-0.0843186842576814	-0.981121324743111	0.174043976107699	0.0320222744267157	0.17190770055643	0.984592462102946
2017	1	26	11	57	34	-0.929443852953	1.06154172156	1.61024523446	0.088554100364046	-0.981039968924815	0.172391272054917	-0.995939591661891	0.088554100364046	0.0162018847378813	-0.0843910803159602	-0.981039968924815	0.174466973766105	0.0313444624048696	0.172391272054917	0.984529722251105
2017	1	26	11	57	34.008	-0.929536908466	1.06168433197	1.61028886742	0.0884769489958599	-0.980974508237282	0.172802904156748	-0.995957536528684	0.0884769489958599	0.0155053193485405	-0.0844242950092136	-0.980974508237282	0.174818627728339	0.030677741832043	0.172802904156748	0.984478558664982
2017	1	26	11	57	34.028	-0.929635451897	1.0618285729	1.6103232615	0.0883609628869394	-0.98092432725248	0.173146771387635	-0.995978068443269	0.0883609628869394	0.0148333211961595	-0.0844175775253077	-0.98092432725248	0.175103217586165	0.0300226545257775	0.173146771387635	0.984438335180657
2017	1	26	11	57	34.028	-0.929738910019	1.0619741834	1.61034913413	0.0882068955373562	-0.980888670415603	0.173427102351311	-0.996001155473649	0.0882068955373562	0.0141859745811885	-0.084371375222485	-0.980888670415603	0.175325090313329	0.0293797436718369	0.173427102351311	0.984408386205545
2017	1	26	11	57	34.033	-0.929846562215	1.06212089578	1.61036720522	0.0880165869907794	-0.980866660421452	0.17364813528559	-0.99602666705956	0.0880165869907794	0.0135631456793734	-0.0842872595008449	-0.980866660421452	0.175488610341256	0.0287495459453288	0.17364813528559	0.98438802751749
2017	1	26	11	57	34.042	-0.929957558495	1.06226843692	1.61037818988	0.0877928677564006	-0.980857318774871	0.173814074737572	-0.996054383127464	0.0877928677564006	0.0129644985894089	-0.084167829416536	-0.980857318774871	0.175598111314103	0.0281325850905409	0.173814074737572	0.984376566705671
2017	1	26	11	57	34.05	-0.930070940234	1.06241652934	1.61038279125	0.0875394451391457	-0.980859587956182	0.173929049497657	-0.996084005194758	0.0875394451391457	0.0123895173392051	-0.0840165966692647	-0.980859587956182	0.175657849806212	0.0275293675786799	0.173929049497657	0.984373313159982
2017	1	26	11	57	34.058	-0.930185663094	1.06256489257	1.6103816935	0.0872607765194782	-0.980872354577436	0.173997071547007	-0.996115168878991	0.0872607765194782	0.0118375339659908	-0.0838378564364434	-0.980872354577436	0.175671960921084	0.0269403815362849	0.173997071547007	0.984377587583009
2017	1	26	11	57	34.067	-0.930300621826	1.06271324459	1.61037555523	0.0869619326586017	-0.980894472958052	0.174021996278133	-0.996147457346248	0.0869619326586017	0.0113077624173038	-0.083636547140802	-0.980894472958052	0.175644416087475	0.0263660995403145	0.174021996278133	0.984388730942408
2017	1	26	11	57	34.075	-0.930414676776	1.06286130387	1.6103650032	0.0866484528134062	-0.980924788554509	0.174007484966408	-0.996180415356959	0.0866484528134062	0.010799337214796	-0.0834181010968436	-0.980924788554509	0.175578983960748	0.0258069848807012	0.174007484966408	0.984406112692842
2017	1	26	11	57	34.085	-0.930526681509	1.06300879165	1.61035062654	0.0863261943121472	-0.98096216061297	0.173956970602258	-0.996213563518757	0.0863261943121472	0.0103113547529836	-0.0831882890269004	-0.98096216061297	0.175479195388828	0.0252634999562088	0.173956970602258	0.984429138104337
2017	1	26	11	57	34.092	-0.930635510228	1.06315543442	1.61033297164	0.0860011812623887	-0.981005483131577	0.173873629073692	-0.996246412232828	0.0860011812623887	0.00984291291702567	-0.0829530637934359	-0.981005483131577	0.175348314143776	0.0247361136903219	0.173873629073692	0.984457254426135
2017	1	26	11	57	34.1	-0.930740083096	1.06330096586	1.61031253795	0.0856794580052238	-0.981053703067159	0.173760358465747	-0.996278474794012	0.0856794580052238	0.00939314313995259	-0.0827184098804264	-0.981053703067159	0.175189315784575	0.0242253034856188	0.173760358465747	0.984489955508376
2017	1	26	11	57	34.108	-0.930839388198	1.06344512779	1.61028977472	0.0853669516640644	-0.981105835048543	0.173619768451888	-0.996309279232999	0.0853669516640644	0.00896123193579553	-0.0824902034171717	-0.981105835048543	0.175004876428903	0.0237315497685141	0.173619768451888	0.984526784576376
2017	1	26	11	57	34.116	-0.930932500357	1.06358767029	1.61026507876	0.0850693459864473	-0.981160972523912	0.173454179452006	-0.996338378675252	0.0850693459864473	0.00854643505843485	-0.0822740843992862	-0.981160972523912	0.174797371353776	0.0232553265947623	0.173454179452006	0.984567335135389
2017	1	26	11	57	34.125	-0.931018597651	1.06372835089	1.61023879314	0.0847919675309539	-0.981218295637387	0.173265630027109	-0.996365360131418	0.0847919675309539	0.00814809010865297	-0.0820753411884452	-0.981218295637387	0.174568882322313	0.0227970940909008	0.173265630027109	0.984611250165424
2017	1	26	11	57	34.133	-0.931096976135	1.06386693352	1.61021120678	0.0845396856323473	-0.981277076052059	0.173055891456793	-0.996389851675898	0.0845396856323473	0.00776563136294439	-0.081898808094772	-0.981277076052059	0.174321212843925	0.0223572965704032	0.173055891456793	0.984658219750466
2017	1	26	11	57	34.145	-0.931167062762	1.06400318679	1.61018255484	0.084316828338843	-0.98133667883436	0.172826488806626	-0.996411527963228	0.084316828338843	0.00739860803554965	-0.0817487780360648	-0.98133667883436	0.17405591074123	0.0219363677849327	0.172826488806626	0.984707977288281
2017	1	26	11	57	34.15	-0.931228426278	1.06413688234	1.61015301992	0.0841271160994737	-0.981396561619812	0.172578727477046	-0.996430114093162	0.0841271160994737	0.00704670597328636	-0.0816289320767345	-0.981396561619812	0.173774296974042	0.0215347434695687	0.172578727477046	0.984760294511362
2017	1	26	11	57	34.162	-0.931280785894	1.06426779284	1.61012273397	0.0839736139810024	-0.981456271389124	0.172313724078866	-0.996445387923444	0.0839736139810024	0.00670977205774111	-0.0815422867917821	-0.981456271389124	0.173477499450864	0.021152880438938	0.172313724078866	0.984814975588414
2017	1	26	11	57	34.167	-0.931324017565	1.06439569028	1.61009178076	0.0838587018371076	-0.981515439295874	0.172032440400126	-0.996457181030293	0.0838587018371076	0.0063878399602423	-0.0814911591697833	-0.981515439295874	0.17316649041022	0.0207912806322179	0.172032440400126	0.984871850597655
2017	1	26	11	57	34.178	-0.931358157706	1.06452034439	1.61006019905	0.083784061134821	-0.981573774001168	0.171735719327286	-0.996465378551897	0.083784061134821	0.00608115508617487	-0.0814771481912263	-0.981573774001168	0.172842125987066	0.0204505175985958	0.171735719327286	0.984930768651832
2017	1	26	11	57	34.183	-0.931383404108	1.06464152162	1.61002798615	0.0837506766046629	-0.981631053988912	0.171424321532506	-0.996469918161482	0.0837506766046629	0.00579019580934054	-0.0815011318051347	-0.981631053988912	0.172505186470149	0.0201312620998136	0.171424321532506	0.984991590965826
2017	1	26	11	57	34.195	-0.931400113719	1.06475898451	1.60999510241	0.08375885072896	-0.981687119333908	0.171098961593745	-0.996470788389975	0.08375885072896	0.00551568762946737	-0.0815632779465779	-0.981687119333908	0.17215641557753	0.0198343030145087	0.171098961593745	0.985054184177434
2017	1	26	11	57	34.2	-0.931408796933	1.06487249203	1.6099614764	0.0838082296677813	-0.981741863378348	0.17076034179622	-0.996468026428817	0.0838082296677813	0.00525860675571799	-0.0816630688278718	-0.981741863378348	0.171796556659392	0.0195605596717769	0.17076034179622	0.985118414290873
2017	1	26	11	57	34.208	-0.931410107868	1.06498180097	1.60992701079	0.0838978401765862	-0.981795224713238	0.170409181513165	-0.99646171542753	0.0838978401765862	0.00502016941223348	-0.0817993387010023	-0.981795224713238	0.171426383378877	0.0193110816709535	0.170409181513165	0.985184141661198
2017	1	26	11	57	34.228	-0.931404830013	1.06508666878	1.60989158935	0.0840261375921986	-0.981847179810812	0.170046239884601	-0.996451981227987	0.0840261375921986	0.00480180259436436	-0.0819703258859205	-0.981847179810812	0.17104672218932	0.0190870317486592	0.170046239884601	0.985251217466964
2017	1	26	11	57	34.228	-0.931393856446	1.06518685848	1.60985508441	0.0841910655356322	-0.981897736587566	0.169672329412283	-0.996438988406954	0.0841910655356322	0.00460509136722663	-0.0821737405147292	-0.981897736587566	0.170658463763253	0.0188896466971611	0.169672329412283	0.985319482137376
2017	1	26	11	57	34.233	-0.931378164089	1.06528214589	1.60981736517	0.0843901277438786	-0.981946929107336	0.169288318427598	-0.996422935496689	0.0843901277438786	0.00443169894444206	-0.0824068489878424	-0.981946929107336	0.17026256093624	0.0187201724366323	0.169288318427598	0.985388766116145
2017	1	26	11	57	34.243	-0.931358782771	1.06537232923	1.60977830614	0.0846204706209122	-0.981994813375619	0.168895122650945	-0.996404049378439	0.0846204706209122	0.00428326209154265	-0.0826665732139003	-0.981994813375619	0.16986001347125	0.018579775437835	0.168895122650945	0.98545889284607
2017	1	26	11	57	34.249	-0.93133676214	1.06545723982	1.6097377953	0.0848789716507782	-0.982041463760299	0.168493690169799	-0.996382579113081	0.0848789716507782	0.00416127522173576	-0.0829495974050821	-0.982041463760299	0.169451844917264	0.0184694431507674	0.168493690169799	0.985529682984061
2017	1	26	11	57	34.258	-0.93131314046	1.06553675179	1.60969574118	0.0851623269642614	-0.982086969358466	0.168084986487002	-0.996358789653117	0.0851623269642614	0.00406698254331744	-0.0832524723694249	-0.982086969358466	0.169039079684792	0.0183898919342545	0.168084986487002	0.985600958396607
2017	1	26	11	57	34.267	-0.931288918153	1.06561078916	1.60965207866	0.0854671332003116	-0.982131429872949	0.167669984189886	-0.996332955794784	0.0854671332003116	0.00400129225986844	-0.0835717100838976	-0.982131429872949	0.168622726016897	0.0183414958736099	0.167669984189886	0.985672544981791
2017	1	26	11	57	34.275	-0.931265036791	1.06567932984	1.60960677309	0.0857899619014118	-0.982174950975655	0.167249658035301	-0.996305356533153	0.0857899619014118	0.00396471692580944	-0.083903866177459	-0.982174950975655	0.168203766059045	0.0183242403341187	0.167249658035301	0.985744274192477
2017	1	26	11	57	34.283	-0.931242363161	1.06574240669	1.60955982304	0.0861274261139694	-0.982217639406085	0.166824984071696	-0.996276269888577	0.0861274261139694	0.00395733848519415	-0.0842456103586738	-0.982217639406085	0.167783151641735	0.0183376986614507	0.166824984071696	0.98581598358785
2017	1	26	11	57	34.292	-0.931221677813	1.06580010619	1.60951126162	0.0864762389839666	-0.982259598127763	0.166396941008765	-0.996245968262731	0.0864762389839666	0.00397879522483707	-0.0845937851601581	-0.982259598127763	0.167361803880585	0.0183810291477463	0.166396941008765	0.985887516804222
2017	1	26	11	57	34.301	-0.931203667513	1.06585256501	1.60946115634	0.0868332639409466	-0.982300921933331	0.165966511809734	-0.996214714391605	0.0868332639409466	0.00402828785153066	-0.0849454531759529	-0.982300921933331	0.166940614452148	0.0184529893075585	0.165966511809734	0.985958723346634
2017	1	26	11	57	34.308	-0.931188921138	1.06589996499	1.60940960783	0.0871955563341518	-0.982341693861025	0.165534683549488	-0.99618275793074	0.0871955563341518	0.00410460193946449	-0.0852979332180241	-0.982341693861025	0.166520446465246	0.0185519645923873	0.165534683549488	0.98602945856193
2017	1	26	11	57	34.316	-0.931177928591	1.06594252722	1.6093567469	0.0875603965436146	-0.982381982760783	0.165102443664889	-0.996150332685178	0.0875603965436146	0.0042061441171724	-0.0856488259443866	-0.982381982760783	0.166102132922311	0.0186760088230232	0.165102443664889	0.986099584114264
2017	1	26	11	57	34.325	-0.931171082232	1.06598050564	1.60930273041	0.0879253149155321	-0.982421842210536	0.164670771373251	-0.99611765446096	0.0879253149155321	0.00433098928650836	-0.0859960298265204	-0.982421842210536	0.165686471390193	0.0188228936476716	0.164670771373251	0.986168969157957
2017	1	26	11	57	34.333	-0.931168680336	1.06601418001	1.60924773597	0.0882881084589061	-0.982461310872565	0.164240623912936	-0.996084919545961	0.0882881084589061	0.00447693621410778	-0.0863377478847069	-0.982461310872565	0.165274214349241	0.0189901643835314	0.164240623912936	0.98623749224686
2017	1	26	11	57	34.341	-0.931170932187	1.06604384888	1.60919195598	0.0886468492206931	-0.982500414215563	0.16381291826193	-0.996052303826722	0.0886468492206931	0.00464156920913421	-0.0866724855098467	-0.982500414215563	0.164866055699139	0.0191752000517565	0.16381291826193	0.986305043844695
2017	1	26	11	57	34.35	-0.931177964744	1.06606982243	1.60913559087	0.0889998849379563	-0.982539167404245	0.16338850938057	-0.99601996248569	0.0889998849379563	0.00482232423581269	-0.0869990402388773	-0.982539167404245	0.164462614335564	0.0193752761920694	0.16338850938057	0.986371529229669
2017	1	26	11	57	34.361	-0.931189830864	1.06609241612	1.60907884192	0.0893458333580221	-0.982577579067236	0.162968166142747	-0.99598803015309	0.0893458333580221	0.00501655791626138	-0.0873164851019956	-0.982577579067236	0.164064415836593	0.0195876292899282	0.162968166142747	0.9864368715751
2017	1	26	11	57	34.366	-0.931206518827	1.06611194512	1.60902190354	0.0896835715740429	-0.982615655579194	0.162552546582308	-0.995956621397528	0.0896835715740429	0.00522161700482184	-0.0876241472401488	-0.982615655579194	0.1636718736714	0.0198095208134432	0.162552546582308	0.986501014943598
2017	1	26	11	57	34.378	-0.931227962541	1.06612871943	1.60896495573	0.0900122212337539	-0.98265340547837	0.162142174434438	-0.995925831493967	0.0900122212337539	0.00543490493161626	-0.0879215831472479	-0.98265340547837	0.163285271591297	0.0200382978301933	0.162142174434438	0.986563926914896
2017	1	26	11	57	34.383	-0.931254051731	1.0661430394	1.6089081571	0.0903311303384857	-0.982690843710658	0.161737418611178	-0.995895737429223	0.0903311303384857	0.00565394217127938	-0.0882085517153125	-0.982690843710658	0.162904748523555	0.0202714472742253	0.161737418611178	0.986625600644135
2017	1	26	11	57	34.391	-0.931284641633	1.06615519143	1.60885163873	0.0906398525254674	-0.982727995525927	0.161338476327734	-0.995866399092235	0.0906398525254674	0.00587641840127935	-0.0884849862403946	-0.982727995525927	0.162530286468801	0.020506642072815	0.161338476327734	0.986686056295082
2017	1	26	11	57	34.4	-0.931319561995	1.06616544429	1.60879549907	0.0909381245585631	-0.982764899957976	0.160945360021221	-0.995837860612534	0.0909381245585631	0.00610023544001527	-0.0887509662183487	-0.982764899957976	0.162161701415281	0.020741778273858	0.160945360021221	0.986745341879898
2017	1	26	11	57	34.409	-0.931358625256	1.06617404595	1.60873979993	0.0912258423919154	-0.98280161286167	0.160557888116357	-0.995810151844303	0.0912258423919154	0.00632354044124962	-0.0890066893246391	-0.98280161286167	0.161798637237668	0.0209750027245263	0.160557888116357	0.986803533548761
2017	1	26	11	57	34.416	-0.93140163386	1.06618122129	1.60868456348	0.0915030364495349	-0.982838209493069	0.160175679430346	-0.995783289966871	0.0915030364495349	0.00654474928997847	-0.0892524441783396	-0.982838209493069	0.161440562339984	0.0212047313339724	0.160175679430346	0.986860735407018
2017	1	26	11	57	34.425	-0.931448386624	1.06618717079	1.60862977061	0.0917698465979426	-0.98287478665481	0.159798150845533	-0.995757281184644	0.0917698465979426	0.00676256039949424	-0.0894885842939765	-0.98287478665481	0.161086768666211	0.0214296581593496	0.159798150845533	0.986917078957256
2017	1	26	11	57	34.434	-0.931498684092	1.06619207023	1.60857536033	0.0920264964342395	-0.982911464476324	0.159424518048657	-0.995732122586921	0.0920264964342395	0.00697595890063776	-0.0897155028180852	-0.982911464476324	0.160736372844188	0.0216487552215507	0.159424518048657	0.986972722238214
2017	1	26	11	57	34.442	-0.931552332774	1.06619607114	1.60852123079	0.0922732658873966	-0.982948387955862	0.159053799129243	-0.995707804283395	0.0922732658873966	0.00718421127286832	-0.0899336070273281	-0.982948387955862	0.160388319219405	0.0218612629139651	0.159053799129243	0.98702784872888
2017	1	26	11	57	34.45	-0.931609148275	1.06619930206	1.60846724169	0.0925104616651386	-0.982985728376263	0.158684820607048	-0.995684311874691	0.0925104616651386	0.00738685109679051	-0.0901432920014243	-0.982985728376263	0.160041384384583	0.0220666715607313	0.158684820607048	0.987082666100028
2017	1	26	11	57	34.462	-0.931668957413	1.06620187058	1.60841321804	0.0927383857456526	-0.983023684626786	0.158316225548953	-0.995661629246003	0.0927383857456526	0.00758365719724807	-0.0903449134522476	-0.983023684626786	0.159694182975093	0.0222646953830662	0.158316225548953	0.987137404856807
2017	1	26	11	57	34.467	-0.931731599366	1.06620386607	1.6083589552	0.0929573029404988	-0.9830624842089	0.157946484516293	-0.995639741588237	0.0929573029404988	0.00777462540165934	-0.0905387604961934	-0.9830624842089	0.15934517560579	0.0224552403220433	0.157946484516293	0.987192316730141
2017	1	26	11	57	34.478	-0.931796925794	1.06620536225	1.60830422523	0.0931674106982936	-0.983102383025753	0.157573913046738	-0.995618638348766	0.0931674106982936	0.00795993444220406	-0.0907250313190491	-0.983102383025753	0.158992682791514	0.0226383670945201	0.157573913046738	0.987247672199045
2017	1	26	11	57	34.483	-0.93186479977	1.06620641828	1.60824878401	0.0933688163827416	-0.983143662480381	0.157196701784577	-0.995598315615179	0.0933688163827416	0.00813990611149653	-0.0909038167280023	-0.983143662480381	0.158634911129124	0.0228142509958108	0.157196701784577	0.987303756145773
2017	1	26	11	57	34.495	-0.931935093493	1.06620707796	1.60819237955	0.0935615253130828	-0.983186623167955	0.156812961851635	-0.995578777599891	0.0935615253130828	0.00831496084146002	-0.091075094572235	-0.983186623167955	0.158269994541768	0.02298314037211	0.156812961851635	0.98736086121233
2017	1	26	11	57	34.5	-0.932007685003	1.06620736725	1.60813476056	0.0937454377064208	-0.983231576145239	0.15642078052542	-0.995560037357498	0.0937454377064208	0.00848557163477482	-0.0912387328297128	-0.983231576145239	0.157896045873791	0.0231453159055046	0.15642078052542	0.987419279623126
2017	1	26	11	57	34.512	-0.932082454325	1.06620729166	1.6080756854	0.0939203504278186	-0.983278833405231	0.156018279546864	-0.995542117073599	0.0939203504278186	0.00865221983844179	-0.0913944969413976	-0.983278833405231	0.157511211366292	0.0233010527969409	0.156018279546864	0.987479294661813
2017	1	26	11	57	34.528	-0.932159279606	1.06620683436	1.60801493088	0.0940859611221743	-0.983328698494672	0.155603671667768	-0.995525048116384	0.0940859611221743	0.00881535549978418	-0.0915420586754859	-0.983328698494672	0.157113723812491	0.0234505877607527	0.155603671667768	0.987541172456716
2017	1	26	11	57	34.529	-0.932238033665	1.06620595511	1.60795230066	0.094241873789739	-0.983381457525808	0.155175314464045	-0.995508870913011	0.094241873789739	0.00897536395363362	-0.0916810053718517	-0.983381457525808	0.156701953556498	0.0235940922162258	0.155175314464045	0.987605154195479
2017	1	26	11	57	34.545	-0.932318581234	1.06620459012	1.6078876334	0.0943876047336217	-0.983437370654868	0.154731761678358	-0.995493634735048	0.0943876047336217	0.00913253933204674	-0.0918108484087732	-0.983437370654868	0.156274457650314	0.0237316522067692	0.154731761678358	0.98767144871736
2017	1	26	11	57	34.545	-0.932400776906	1.06620265218	1.60782081058	0.0945225878699045	-0.983496664084112	0.154271812453861	-0.995479397478072	0.0945225878699045	0.00928706514843309	-0.0919310298783793	-0.983496664084112	0.155830027532962	0.0238632550628698	0.154271812453861	0.987740225433796
2017	1	26	11	57	34.561	-0.932484463843	1.06620003093	1.60775176405	0.0946461790182941	-0.983559522596065	0.153794558771878	-0.995466225464665	0.0946461790182941	0.00943900187355583	-0.0920409271155032	-0.983559522596065	0.155367735538361	0.0239887826879687	0.153794558771878	0.987811607543317
2017	1	26	11	57	34.562	-0.932569473241	1.06619659295	1.60768048337	0.0947576592456088	-0.983626082566436	0.153299431536125	-0.99545419326088	0.0947576592456088	0.00958828105677016	-0.0921398552293074	-0.983626082566436	0.154886980645012	0.0241080110679581	0.153299431536125	0.98788566549629
2017	1	26	11	57	34.566	-0.932655624559	1.06619218159	1.60760702279	0.094856237638387	-0.983696425384103	0.15278624567554	-0.995443383470209	0.094856237638387	0.00973470525857539	-0.0922270681363948	-0.983696425384103	0.154387533789168	0.0242206153585382	0.15278624567554	0.98796241068374
2017	1	26	11	57	34.575	-0.932742726587	1.06618661654	1.60753150771	0.0949410542968858	-0.983770571311678	0.152255243686679	-0.99543388642624	0.0949410542968858	0.00987795339877542	-0.0923017589791889	-0.983770571311678	0.153869582148136	0.0243261802118688	0.152255243686679	0.988041789463487
2017	1	26	11	57	34.583	-0.932830579555	1.06617969341	1.60745414028	0.0950111848112461	-0.983848473973103	0.151707135697567	-0.995425799652566	0.0950111848112461	0.0100175918669189	-0.0923630612009237	-0.983848473973103	0.15333377053471	0.0244242156812321	0.151707135697567	0.988123677819126
2017	1	26	11	57	34.595	-0.932918978476	1.0661711837	1.6073752037	0.0950656475328513	-0.983930015763952	0.151143133280706	-0.995419226948907	0.0950656475328513	0.0101530921201713	-0.0924100515737659	-0.983930015763952	0.152781237221341	0.02451417933717	0.151143133280706	0.988207877054983
2017	1	26	11	57	34.6	-0.933007717843	1.06616083552	1.6072950646	0.0951034151563062	-0.984015004490289	0.150564973893609	-0.995414276945639	0.0951034151563062	0.010283855230274	-0.0924417567375698	-0.984015004490289	0.152213641140497	0.0245955049564332	0.150564973893609	0.988294110967153
2017	1	26	11	57	34.608	-0.933096597616	1.06614837536	1.60721417322	0.0951234324847911	-0.984103171494449	0.149974932728368	-0.99541106094217	0.0951234324847911	0.0104092433103663	-0.0924571652524292	-0.984103171494449	0.15163317726689	0.0246676376547902	0.149974932728368	0.988382024930469
2017	1	26	11	57	34.618	-0.933185430243	1.06613351129	1.60713306058	0.0951246427167612	-0.984194171411708	0.149375819017771	-0.995409689809227	0.0951246427167612	0.0105286172837038	-0.0924552476960738	-0.984194171411708	0.151042577218078	0.0247300749565343	0.149375819017771	0.988471187281357
2017	1	26	11	57	34.625	-0.933274048319	1.06611593747	1.60705233249	0.095106024397246	-0.984287583594893	0.148770954504826	-0.995410269763602	0.095106024397246	0.0106413801973251	-0.0924349871641253	-0.984287583594893	0.150445092737831	0.0247824130609097	0.148770954504826	0.988561093255547
2017	1	26	11	57	34.633	-0.933362312385	1.06609534026	1.60697266011	0.0950666407886111	-0.984382915150661	0.148164132530969	-0.995412896872473	0.0950666407886111	0.0107470251288579	-0.092395422141095	-0.984382915150661	0.149844460447673	0.0248243974210847	0.148164132530969	0.988651171609089
2017	1	26	11	57	34.641	-0.933450118414	1.06607140526	1.60689476688	0.0950057024578	-0.984479605527783	0.147559556791015	-0.995417650249421	0.0950057024578	0.0108451866015009	-0.0923357027501112	-0.984479605527783	0.149244846803847	0.024855976536127	0.147559556791015	0.988740793954652
2017	1	26	11	57	34.649	-0.933537404555	1.06604382564	1.60681941198	0.0949226424606059	-0.98457703265478	0.146961759369589	-0.995424584054254	0.0949226424606059	0.0109356942491428	-0.0922551599754117	-0.98457703265478	0.14865077270778	0.0248773575430744	0.146961759369589	0.988829286765248
2017	1	26	11	57	34.658	-0.933624156716	1.06601231082	1.60674737066	0.0948172019219637	-0.984674520665433	0.146375498537119	-0.995433718573615	0.0948172019219637	0.0110186272464043	-0.0921533858685711	-0.984674520665433	0.148067018019743	0.0248890618478053	0.146375498537119	0.988915945886376
2017	1	26	11	57	34.667	-0.933710412438	1.06597659507	1.60667941197	0.0946895232658591	-0.984771349177125	0.14580563783184	-0.995445030719947	0.0946895232658591	0.0110943678796367	-0.0920303221686255	-0.984771349177125	0.147498507251445	0.0248919789591624	0.14580563783184	0.989000053265897
2017	1	26	11	57	34.678	-0.933796262634	1.06593644557	1.60661627453	0.0945402487003923	-0.98486676401668	0.145257008474568	-0.995458444251735	0.0945402487003923	0.0111636527885915	-0.0918863550434492	-0.98486676401668	0.146950178265091	0.0248874169962546	0.145257008474568	0.989080895561265
2017	1	26	11	57	34.684	-0.933881850807	1.06589166966	1.60655864099	0.0943706222093356	-0.984959989262615	0.144734257228938	-0.995473819947241	0.0943706222093356	0.0112276205614224	-0.0917224142460794	-0.984959989262615	0.146426835916987	0.0248771486412536	0.144734257228938	0.989157784309393
2017	1	26	11	57	34.695	-0.933967369498	1.06584212146	1.60650711165	0.094182593545215	-0.985050240456446	0.144241682081829	-0.995490945926669	0.094182593545215	0.0112878541416244	-0.0915400752298158	-0.985050240456446	0.145932992855003	0.0248634511873439	0.144241682081829	0.989230077355748
2017	1	26	11	57	34.7	-0.934053053719	1.06578770783	1.60646217792	0.09397892298868	-0.98513673873407	0.143783058912683	-0.995509528271248	0.09397892298868	0.0113464159559406	-0.0913416630888571	-0.98513673873407	0.14547270046494	0.0248491389251055	0.143783058912683	0.989297201180916
2017	1	26	11	57	34.712	-0.93413917107	1.06572839391	1.60642419652	0.0937632860344166	-0.985218725495251	0.143361463181503	-0.995529182016293	0.0937632860344166	0.0114058733115566	-0.0911303576248141	-0.985218725495251	0.145049373844518	0.0248375858960686	0.143361463181503	0.989358673687816
2017	1	26	11	57	34.717	-0.934226008238	1.06566420816	1.60639336495	0.0935403771979356	-0.985295477156252	0.14297909123051	-0.995549422540948	0.0935403771979356	0.0114693117515321	-0.0909102988697714	-0.985295477156252	0.144665615316299	0.0248327372191378	0.14297909123051	0.989414126962569
2017	1	26	11	57	34.728	-0.93431385375	1.06559524644	1.60636969911	0.0933160113074958	-0.98536631956369	0.142637086002091	-0.995569657389281	0.0933160113074958	0.0115403344600571	-0.0906866915657131	-0.98536631956369	0.144323041273297	0.0248391074448316	0.142637086002091	0.989463329506544
2017	1	26	11	57	34.745	-0.934402977094	1.06552167553	1.60635301376	0.0930972191146014	-0.985430641741118	0.142335371959387	-0.995589178621181	0.0930972191146014	0.011623046310229	-0.0904659055888917	-0.985430641741118	0.144022117203125	0.0248617645870838	0.142335371959387	0.989506207434193
2017	1	26	11	57	34.745	-0.934493604651	1.06544373527	1.60634290617	0.0928923327460683	-0.985487908705871	0.142072503713855	-0.995607155819884	0.0928923327460683	0.0117220218919077	-0.0902555680031088	-0.985487908705871	0.143762005547244	0.0249062988955972	0.142072503713855	0.989542864136668
2017	1	26	11	57	34.761	-0.934585893108	1.06536173979	1.60633874356	0.0927110566567957	-0.985537673005825	0.141845532392968	-0.995622629768623	0.0927110566567957	0.011842257647604	-0.0900646425614591	-0.985537673005825	0.143540430703481	0.0249787760486463	0.141845532392968	0.989573597913398
2017	1	26	11	57	34.762	-0.934679901234	1.06527607772	1.60633965434	0.0925645203450319	-0.985579584494335	0.141649893050674	-0.995634506655229	0.0925645203450319	0.0119891088364507	-0.0899034931103673	-0.985579584494335	0.143353564847643	0.0250856748753589	0.141649893050674	0.989598917094588
2017	1	26	11	57	34.767	-0.934775560972	1.0651872118	1.60634452329	0.092465309197281	-0.98561339774685	0.141479315721274	-0.995641552570597	0.092465309197281	0.012168212270538	-0.0897839275351083	-0.98561339774685	0.143195937576033	0.0252338096842323	0.141479315721274	0.989619552187536
2017	1	26	11	57	34.775	-0.934872648777	1.06509567796	1.60635199044	0.0924274692344087	-0.985638976394599	0.141325762487698	-0.995642388060331	0.0924274692344087	0.0123853957725698	-0.0897192183763151	-0.985638976394599	0.143060372101256	0.0254302369525697	0.141325762487698	0.989636464519071
2017	1	26	11	57	34.783	-0.934970758061	1.06500208366	1.60636045419	0.0924664806526294	-0.985656293491669	0.141179393170471	-0.995635482535204	0.0924664806526294	0.0126465755289231	-0.0897240953815567	-0.985656293491669	0.142937950902575	0.0256821460328602	0.141179393170471	0.989650850714112
2017	1	26	11	57	34.794	-0.935069273622	1.06490710509	1.60636807852	0.0925991949619087	-0.985665426852651	0.141028562354537	-0.995619148358374	0.0925991949619087	0.0129576430940566	-0.089814705076586	-0.985665426852651	0.142818013777629	0.0259967339131748	0.141028562354537	0.989664142235163
2017	1	26	11	57	34.8	-0.935167348991	1.06481148293	1.60637280485	0.0928437313306432	-0.985666548153861	0.140859850216641	-0.995591534415482	0.0928437313306432	0.0133243443677189	-0.0900085331063317	-0.985666548153861	0.142688190886624	0.0263810645780761	0.140859850216641	0.989677999163704
2017	1	26	11	57	34.812	-0.93526388756	1.06471601642	1.6063723685	0.0932193292580104	-0.985659904509542	0.140658129146264	-0.995550618972148	0.0932193292580104	0.0137521531717363	-0.0903242864398593	-0.985659904509542	0.14253447274737	0.0268419139277082	0.140658129146264	0.989694297428135
2017	1	26	11	57	34.817	-0.93535752825	1.06462155536	1.60636432006	0.093746156343521	-0.985645791243992	0.140406667839606	-0.99549420169003	0.093746156343521	0.0142461423671467	-0.090781733938884	-0.985645791243992	0.142341318618506	0.0273856017749942	0.140406667839606	0.989715108726546
2017	1	26	11	57	34.828	-0.935446636495	1.06452898995	1.60634605179	0.0944450712114314	-0.985624514782022	0.140087274170679	-0.995419894851055	0.0944450712114314	0.0148108561055975	-0.0914015047242923	-0.985624514782022	0.142091804108606	0.028017813420184	0.140087274170679	0.989742672489461
2017	1	26	11	57	34.845	-0.935529301402	1.0644392387	1.60631482894	0.0953373426419718	-0.985596345035345	0.139680477343604	-0.995325114122682	0.0953373426419718	0.0154501875275789	-0.0922048443621161	-0.985596345035345	0.141767807802504	0.028743414425361	0.139680477343604	0.989779359441403
2017	1	26	11	57	34.845	-0.935603339979	1.06435323435	1.60626782597	0.0964443272644502	-0.985561457296691	0.139165748766463	-0.995207069526371	0.0964443272644502	0.0161672664121457	-0.0932133298234325	-0.985561457296691	0.141350235353362	0.0295662630029848	0.139165748766463	0.989827626641279
2017	1	26	11	57	34.861	-0.935666309235	1.06427190853	1.60620216751	0.0977871103267258	-0.9855198643725	0.138521759955461	-0.995062757570366	0.0977871103267258	0.0169643611847932	-0.0944485459794304	-0.9855198643725	0.140819278117668	0.0304890252194258	0.138521759955461	0.989889964268762
2017	1	26	11	57	34.862	-0.935715526779	1.06419617568	1.60611497326	0.0993861170438928	-0.985471340448067	0.137726674592936	-0.99488895573059	0.0993861170438928	0.0178427997868668	-0.0959317290099776	-0.985471340448067	0.14015470211394	0.031512999451858	0.137726674592936	0.98996883484841
2017	1	26	11	57	34.878	-0.935748100252	1.06412691679	1.6060034063	0.101260705264373	-0.985415338917392	0.136758471019834	-0.994682220610384	0.101260705264373	0.0188029138954031	-0.0976833850270427	-0.985415338917392	0.139336162269454	0.0326379578291092	0.136758471019834	0.990066605998335
2017	1	26	11	57	34.878	-0.93576096563	1.06406496371	1.60586472404	0.103428753327924	-0.985350907040684	0.135595291139231	-0.994438891150546	0.103428753327924	0.0198440104893993	-0.0997228951855847	-0.985350907040684	0.138343536784001	0.0338620132755995	0.135595291139231	0.990185478119019
2017	1	26	11	57	34.883	-0.935750934139	1.06401108444	1.60569633031	0.105906259766395	-0.985276600804965	0.134215811469838	-0.994155098134314	0.105906259766395	0.0209643744443805	-0.102068121274547	-0.985276600804965	0.137157276604993	0.0351815217555414	0.134215811469838	0.990327408728274
2017	1	26	11	57	34.891	-0.93571474735	1.06396596982	1.60549582759	0.108706974227059	-0.98519040369276	0.132599631319598	-0.993826780809332	0.108706974227059	0.0221613063820088	-0.104735028526042	-0.98519040369276	0.135758764989024	0.0365910309476093	0.132599631319598	0.990494035432873
2017	1	26	11	57	34.9	-0.935649139898	1.0639302222	1.6052610677	0.111842081175607	-0.985089653139254	0.130727671731324	-0.993449710698346	0.111842081175607	0.0234312012428205	-0.107737344727592	-0.985089653139254	0.134130681907727	0.0380832885189897	0.130727671731324	0.990686599777794
2017	1	26	11	57	34.911	-0.935550909274	1.06390434641	1.60499019907	0.115319959123391	-0.984970978179212	0.12858257725083	-0.993019521594389	0.115319959123391	0.0247696742051575	-0.11108627638253	-0.984970978179212	0.132257367825578	0.0396493244824474	0.12858257725083	0.990905874387482
2017	1	26	11	57	34.917	-0.935416991824	1.06388874338	1.60468170885	0.119146036384006	-0.984830251206822	0.126149111458976	-0.992531743618511	0.119146036384006	0.0261717390247233	-0.114790302057359	-0.984830251206822	0.130125181504151	0.0412786199282065	0.126149111458976	0.991152095904021
2017	1	26	11	57	34.928	-0.935244542872	1.06388370635	1.60433445881	0.123322753242595	-0.984662556706222	0.123414537042568	-0.99198183916713	0.123322753242595	0.027632033860427	-0.118855054437729	-0.984662556706222	0.127722846254576	0.0429593621600959	0.123414537042568	0.991424906510506
2017	1	26	11	57	34.933	-0.935031016714	1.06388941851	1.60394771498	0.127849618564244	-0.984462180906072	0.120368971909865	-0.991365240378544	0.127849618564244	0.0291450716617652	-0.123283284271314	-0.984462180906072	0.125041777758232	0.0446787644017901	0.120368971909865	0.991723307486968
2017	1	26	11	57	34.945	-0.934774241141	1.06390595007	1.60352117199	0.132723332741849	-0.984222627201946	0.117005713747646	-0.990677389623787	0.132723332741849	0.0307054821505243	-0.12807488522235	-0.984222627201946	0.122076385427246	0.0464234150346741	0.117005713747646	0.992045628732329
2017	1	26	11	57	34.95	-0.934472482826	1.06393325298	1.60305497242	0.137937953363441	-0.983936660985123	0.113321525719315	-0.98991378401775	0.137937953363441	0.032308222383229	-0.133226961967637	-0.983936660985123	0.118824339991106	0.0481796307222539	0.113321525719315	0.992389517776218
2017	1	26	11	57	34.961	-0.93412450239	1.06397115293	1.60254972043	0.143485092915031	-0.983596385103004	0.109316875748754	-0.989070023049694	0.143485092915031	0.0339487498391821	-0.138733934632197	-0.983596385103004	0.115286801472558	0.0499338050417523	0.109316875748754	0.992751950786592
2017	1	26	11	57	34.966	-0.933729598638	1.06401933812	1.60200648866	0.149354136482402	-0.983193346376578	0.104996121625619	-0.988141858596266	0.149354136482402	0.0356231554682169	-0.144587670982752	-0.983193346376578	0.111468601142246	0.0516727461017908	0.104996121625619	0.993129267393665
2017	1	26	11	57	34.978	-0.933287639941	1.06407734547	1.6014268182	0.155532452515493	-0.982718675028444	0.100367634050298	-0.987125249615101	0.155532452515493	0.037328243822069	-0.150777624044532	-0.982718675028444	0.107378367643695	0.0533839831766965	0.100367634050298	0.99351723104098
2017	1	26	11	57	34.994	-0.932799079541	1.06414454485	1.60081271206	0.16200556422845	-0.982163259720567	0.0954438495351617	-0.986016426417807	0.16200556422845	0.0390615411021874	-0.157290947317574	-0.982163259720567	0.103028584126004	0.055056014441625	0.0954438495351617	0.99391111617675
2017	1	26	11	57	34.995	-0.932264952565	1.06422012355	1.60016662178	0.168757265558123	-0.981517958578434	0.0902412450566156	-0.984811968478506	0.168757265558123	0.0408212207416168	-0.164112573881073	-0.981517958578434	0.0984355630966375	0.056678477710854	0.0902412450566156	0.994305822096508
2017	1	26	11	57	35	-0.931686854488	1.06430307382	1.59949142641	0.175769687795443	-0.98077384241549	0.0847802269744962	-0.983508896642201	0.175769687795443	0.0426059512032488	-0.171225265090893	-0.98077384241549	0.0936193282827203	0.05824224257525	0.0847802269744962	0.994696010997309
2017	1	26	11	57	35.008	-0.931066902406	1.06439218656	1.59879040313	0.183023334249208	-0.979922462840564	0.079084928657653	-0.982104778139505	0.183023334249208	0.04441468085955	-0.178609644086394	-0.979922462840564	0.0886033964349854	0.0597394324955034	0.079084928657653	0.995076265551706
2017	1	26	11	57	35.016	-0.930407682059	1.06448605315	1.59806718886	0.190497102996101	-0.978956135165701	0.0731829158446613	-0.980597841051609	0.190497102996101	0.0462463822911289	-0.186244230953058	-0.978956135165701	0.0834144583279057	0.061163392332574	0.0731829158446613	0.995441259074007
2017	1	26	11	57	35.028	-0.929712185691	1.06458307548	1.59732573313	0.198168318904844	-0.977868223425122	0.0671048060709866	-0.97898709281277	0.198168318904844	0.048099786781533	-0.194105496710316	-0.977868223425122	0.0780819682272314	0.0625086254275567	0.0671048060709866	0.995785929178221
2017	1	26	11	57	35.033	-0.928983746842	1.06468148265	1.59657024236	0.206012793952534	-0.9766534133425	0.0608838150440217	-0.977272435811284	0.206012793952534	0.0499731421000405	-0.202167951399048	-0.9766534133425	0.0726376598849129	0.0637707270665192	0.0608838150440217	0.996105644716007
2017	1	26	11	57	35.045	-0.92822597617	1.06477935212	1.5958051169	0.214004929263516	-0.975307959261366	0.0545552458737624	-0.975454772925307	0.214004929263516	0.0518640166990126	-0.210404277603667	-0.975307959261366	0.067115010001551	0.0649463312537135	0.0545552458737624	0.996396356478854
