year	month	day	hour	minute	second	x	y	z	ref_vec_x	ref_vec_y	ref_vec_z	rotation_11	rotation_12	rotation_13	rotation_21	rotation_22	rotation_23	rotation_31	rotation_32	rotation_33
2017	1	26	11	55	37.864	-0.317211348394	0.694612324044	1.64371633525	-0.177247640622661	-0.893721277200183	0.412123224986622	-0.974075715025897	-0.177247640622661	0.140569467845933	0.219119274755546	-0.893721277200183	0.39147033362731	0.0562427313294105	0.412123224986622	0.909390566587995
2017	1	26	11	55	37.873	-0.317160248906	0.694699251463	1.64386373584	-0.177429010291284	-0.89322069444826	0.41312920172317	-0.974042039425997	-0.177429010291284	0.140574008045231	0.219349956974418	-0.89322069444826	0.392482340220154	0.0559258599054674	0.41312920172317	0.908953552651295
2017	1	26	11	55	37.881	-0.317099335717	0.69478808622	1.64399507669	-0.177575697157634	-0.892774611777193	0.414029424491863	-0.97401996848752	-0.177575697157634	0.140541711838694	0.219527108397003	-0.892774611777193	0.393397180016499	0.0556142937240148	0.414029424491863	0.908562978548276
2017	1	26	11	55	37.89	-0.317028192981	0.694877865535	1.64411116508	-0.177683987917542	-0.892381284499866	0.414830138143419	-0.974010085699238	-0.177683987917542	0.140473319153077	0.219648063165119	-0.892381284499866	0.39422122142546	0.0553089622391823	0.414830138143419	0.908216315193653
2017	1	26	11	55	37.898	-0.316946300841	0.694967656252	1.64421280345	-0.177749562497175	-0.892039046671545	0.415537522066762	-0.974013196374751	-0.177749562497175	0.140368751222999	0.21970927142996	-0.892039046671545	0.394960979415737	0.0550102657288364	0.415537522066762	0.907911030012885
2017	1	26	11	55	37.906	-0.316853035995	0.695056560856	1.6443007791	-0.17776748356764	-0.891746352709706	0.416157619436394	-0.974030328598209	-0.17776748356764	0.140227104216321	0.219706278880245	-0.891746352709706	0.395623044639128	0.0547180956490821	0.416157619436394	0.90764462527664
2017	1	26	11	55	37.914	-0.316747672955	0.695143723144	1.64437585746	-0.177732192524227	-0.891501808338966	0.41669628444334	-0.974062729037257	-0.177732192524227	0.140046662370165	0.219633722219473	-0.891501808338966	0.396214025234308	0.0544318653410953	0.41669628444334	0.907414667374627
2017	1	26	11	55	37.922	-0.316629385699	0.695228333291	1.64443877935	-0.177637511128027	-0.891304189281919	0.417159150455484	-0.974111853702348	-0.177637511128027	0.139824930240694	0.219485339772895	-0.891304189281919	0.396740504351746	0.0541505503328605	0.417159150455484	0.907218805520425
2017	1	26	11	55	37.931	-0.316497249978	0.695309632165	1.64449026187	-0.177476651096495	-0.891152447363682	0.417551618214195	-0.974179353060015	-0.177476651096495	0.139558684384539	0.219253999247408	-0.891152447363682	0.397209012198536	0.0538727378697942	0.417551618214195	0.907054780176545
2017	1	26	11	55	37.939	-0.316350247417	0.695386914915	1.64453100169	-0.177242238395393	-0.891045706139	0.417878856248844	-0.974267049966695	-0.177242238395393	0.139244045753434	0.218931748699382	-0.891045706139	0.397626003906538	0.0535966860974093	0.417878856248844	0.90692042470083
2017	1	26	11	55	37.95	-0.316187272838	0.695459534115	1.64456167867	-0.176926360952261	-0.890983248945854	0.418145803396471	-0.97437690868717	-0.176926360952261	0.138876573321148	0.218509898117916	-0.890983248945854	0.397997832308654	0.0533203923628852	0.418145803396471	0.906813664905965
2017	1	26	11	55	37.956	-0.316007145404	0.695526902884	1.6445829589	-0.176520644539711	-0.890964500719469	0.418357168588028	-0.974510994495835	-0.176520644539711	0.13845137651184	0.217979134540408	-0.890964500719469	0.398330711046388	0.0530416676939251	0.418357168588028	0.906732518981896
2017	1	26	11	55	37.967	-0.315808623323	0.695588498228	1.64459549688	-0.176016356905022	-0.890989004369594	0.418517426392693	-0.974671424470982	-0.176016356905022	0.13796324300911	0.217329669169127	-0.890989004369594	0.398630667399432	0.0527582147020214	0.418517426392693	0.906675098691418
2017	1	26	11	55	37.972	-0.315590421856	0.695643864698	1.64459993621	-0.175404539064648	-0.89105639382199	0.418630804772498	-0.974860310264801	-0.175404539064648	0.13740677983977	0.216551414339908	-0.89105639382199	0.39890348203085	0.0524677083338131	0.418630804772498	0.906639613560829
2017	1	26	11	55	37.983	-0.31535123449	0.695692618459	1.64459690824	-0.174676162710851	-0.891166365521946	0.418701262409153	-0.975079693946588	-0.174676162710851	0.136776564636055	0.215634187901895	-0.891166365521946	0.399154614116254	0.0521678776731327	0.418701262409153	0.906624379440605
2017	1	26	11	55	37.989	-0.315089756801	0.695734452016	1.64458702889	-0.173822310924201	-0.891318648303868	0.418732458033451	-0.975331478963717	-0.173822310924201	0.136067300875038	0.214567940027592	-0.891318648303868	0.399389116399133	0.0518565835238226	0.418732458033451	0.906627830663995
2017	1	26	11	55	38	-0.314804712383	0.69576913975	1.64457089365	-0.172834378073826	-0.891512971786433	0.418727714502345	-0.975617358708508	-0.172834378073826	0.135273970676065	0.213342996226552	-0.891512971786433	0.399611545250636	0.0515318867082556	0.418727714502345	0.906648534857874
2017	1	26	11	55	38.005	-0.31449488074	0.695796544122	1.64454907028	-0.171704285930854	-0.891749035913539	0.418689974969846	-0.975938744737751	-0.171704285930854	0.134391981578807	0.2119503122507	-0.891749035913539	0.399825864701253	0.0511921054121962	0.418689974969846	0.906685211748387
2017	1	26	11	55	38.017	-0.314159127303	0.6958166223	1.64452208814	-0.170424713372984	-0.89202648519039	0.418621746676656	-0.976296696515815	-0.170424713372984	0.133417305639275	0.210381737615274	-0.89202648519039	0.400035341184821	0.0508358618524879	0.418621746676656	0.906736758027985
2017	1	26	11	55	38.034	-0.313796435272	0.695829432751	1.64449042392	-0.168989334771538	-0.89234489007345	0.418525031381967	-0.976691855141918	-0.168989334771538	0.13234660869441	0.208630282412457	-0.89234489007345	0.400242429560263	0.0504621180682742	0.418525031381967	0.906802278750328
2017	1	26	11	55	38.035	-0.313405938292	0.695835141261	1.64445448473	-0.167393059023373	-0.892703736383633	0.418401246218864	-0.977124384283329	-0.167393059023373	0.131177366301213	0.206690378981007	-0.892703736383633	0.40044865623871	0.0500701994764603	0.418401246218864	0.906881123569616
2017	1	26	11	55	38.05	-0.312986952472	0.695834025753	1.64441458947	-0.165632259187084	-0.893102422439694	0.418251141957716	-0.977593921903563	-0.165632259187084	0.129907961933799	0.204558127965196	-0.893102422439694	0.400654508667662	0.0496598040731637	0.418251141957716	0.906972924684349
2017	1	26	11	55	38.051	-0.312539006251	0.695826479351	1.64437095039	-0.163704982771486	-0.893540263341461	0.418074725860654	-0.978099546030255	-0.163704982771486	0.128537763599638	0.202231518595318	-0.893540263341461	0.400859340260776	0.0492309957449628	0.418074725860654	0.907077633201535
2017	1	26	11	55	38.067	-0.312061866617	0.695813011071	1.64432365602	-0.161611131970586	-0.894016501876883	0.417871195938422	-0.978639757345851	-0.161611131970586	0.127067176584826	0.199710612907861	-0.894016501876883	0.401061298885579	0.0487841822112468	0.417871195938422	0.907195550678558
2017	1	26	11	55	38.068	-0.311555559635	0.695794243393	1.64427265721	-0.159352600143107	-0.894530325334378	0.417638894123623	-0.979212481141546	-0.159352600143107	0.125497671708479	0.196997681566603	-0.894530325334378	0.40125728717938	0.0483200810636891	0.417638894123623	0.907327352106832
2017	1	26	11	55	38.072	-0.311020383169	0.695770906052	1.64421775852	-0.156933350640272	-0.895080887094789	0.41737528558172	-0.979815090317387	-0.156933350640272	0.123831790115253	0.194097279367066	-0.895080887094789	0.401442961950896	0.0478396794369871	0.41737528558172	0.907474096631383
2017	1	26	11	55	38.08	-0.310456910805	0.695743825874	1.64415861527	-0.154359430279953	-0.895667332152332	0.417076966996228	-0.980444449188852	-0.154359430279953	0.122073127011707	0.191016254414899	-0.895667332152332	0.401612774528434	0.0473441929287075	0.417076966996228	0.907637224334236
2017	1	26	11	55	38.089	-0.309865987115	0.695713912972	1.64409473592	-0.151638916893523	-0.896288826884239	0.416739700155664	-0.981096976098616	-0.151638916893523	0.120226296514157	0.187763690977236	-0.896288826884239	0.401760046735708	0.0468350279252162	0.416739700155664	0.907818540498822
2017	1	26	11	55	38.097	-0.309248714979	0.695682143966	1.64402548805	-0.148781804866918	-0.89694459443368	0.416358462213445	-0.981768721748965	-0.148781804866918	0.118296878808976	0.18435078943869	-0.89694459443368	0.401877071938092	0.0463137498885054	0.416358462213445	0.908020191138127
2017	1	26	11	55	38.105	-0.308606436121	0.695649542963	1.64395010674	-0.145799836346707	-0.897633954912395	0.415927506555658	-0.98245545917223	-0.145799836346707	0.116291351630103	0.180790690692653	-0.897633954912395	0.401955232765052	0.0457820587299907	0.415927506555658	0.908244632458038
2017	1	26	11	55	38.117	-0.307940706635	0.695617161183	1.64386770552	-0.142706289313263	-0.898356365587302	0.415440435440766	-0.983152780322959	-0.142706289313263	0.114217010701886	0.177098256981058	-0.898356365587302	0.401985133783633	0.0452417718210351	0.415440435440766	0.908494593645598
2017	1	26	11	55	38.122	-0.307253269484	0.695586056099	1.64377729047	-0.139515734233539	-0.899111455453761	0.414890287393061	-0.983856194203785	-0.139515734233539	0.112081885370117	0.173289822378606	-0.899111455453761	0.401956749081057	0.0446948161069574	0.414890287393061	0.908773031532114
2017	1	26	11	55	38.134	-0.306546025804	0.695557270985	1.64367777704	-0.136243769588811	-0.899899050808023	0.414269638765684	-0.984561222092275	-0.136243769588811	0.109894655012865	0.169382924360948	-0.899899050808023	0.401859581557728	0.0441432314981451	0.414269638765684	0.909083077342138
2017	1	26	11	55	38.139	-0.305821006667	0.695531815558	1.6435680092	-0.132906746331451	-0.900719189436084	0.413570717726956	-0.985263486125641	-0.132906746331451	0.107664570250085	0.165396026958648	-0.900719189436084	0.401682830163173	0.0435891864324448	0.413570717726956	0.909427976403281
2017	1	26	11	55	38.15	-0.305080347064	0.695510648157	1.64344678089	-0.12952149183999	-0.901572120821717	0.412785530401168	-0.985958788048733	-0.12952149183999	0.105401382443571	0.161348246309007	-0.901572120821717	0.401415563188621	0.0430350053152109	0.412785530401168	0.909811021151616
2017	1	26	11	55	38.156	-0.304326263773	0.695494659769	1.64331285909	-0.126105042738141	-0.90245829082946	0.411905998389417	-0.986643175659983	-0.126105042738141	0.103115285576855	0.157259088515106	-0.90245829082946	0.401046895502968	0.0424832084826799	0.411905998389417	0.910235478042817
2017	1	26	11	55	38.167	-0.303561038088	0.695484659997	1.64316500854	-0.122674393627638	-0.903378311094724	0.410924105148063	-0.987312995683622	-0.122674393627638	0.100816872111391	0.153148206485612	-0.903378311094724	0.40056616668646	0.0419365640518321	0.410924105148063	0.910704509928325
2017	1	26	11	55	38.184	-0.302787002609	0.695481364734	1.64300201685	-0.119246265730812	-0.904332915689543	0.409832045733014	-0.987964933506244	-0.119246265730812	0.0985170963399693	0.149035176222213	-0.904332915689543	0.399963115610508	0.0413981450117779	0.409832045733014	0.911221097143759
2017	1	26	11	55	38.184	-0.302006529889	0.695485385262	1.64282271914	-0.115836896741237	-0.90532290994588	0.408622370998558	-0.988596041440341	-0.115836896741237	0.0962272321219291	0.144939287784364	-0.90532290994588	0.399228044585653	0.0408713800237882	0.408622370998558	0.911787962310574
2017	1	26	11	55	38.2	-0.301222021184	0.69549721873	1.64262602069	-0.112461852982548	-0.906349115821413	0.407288118993759	-0.989203756957009	-0.112461852982548	0.093958814625726	0.140879347326768	-0.906349115821413	0.398351967167889	0.0403600881927111	0.407288118993759	0.912407502932545
2017	1	26	11	55	38.202	-0.300435894954	0.695517240314	1.64241091805	-0.109135866991113	-0.907412314845871	0.40582293355866	-0.989785911393689	-0.109135866991113	0.0917235637263588	0.136873492196028	-0.907412314845871	0.397326739598686	0.0398684930819934	0.40582293355866	0.913081732298492
2017	1	26	11	55	38.217	-0.299650575583	0.695545697378	1.64217651869	-0.10587270486112	-0.908513188232295	0.404221173583696	-0.99034072933023	-0.10587270486112	0.0895332909875357	0.132939024220063	-0.908513188232295	0.396145178750679	0.0394012140559897	0.404221173583696	0.913812227515879
2017	1	26	11	55	38.217	-0.298868482728	0.695582705851	1.64192205943	-0.102685067393995	-0.909652255564493	0.402478012915887	-0.990866819167757	-0.102685067393995	0.0873997917998805	0.129092265904214	-0.909652255564493	0.394801166196538	0.0389632333885091	0.402478012915887	0.914600085044382
2017	1	26	11	55	38.223	-0.298092021512	0.695628249029	1.64164692281	-0.0995845286909696	-0.910829815659983	0.400589526261233	-0.991363155787691	-0.0995845286909696	0.085334723249494	0.125348443469832	-0.910829815659983	0.393289733688145	0.0385598374784014	0.400589526261233	0.915445886103291
2017	1	26	11	55	38.23	-0.297323573711	0.695682179235	1.64135064997	-0.0965815149529922	-0.912045894093205	0.398552754396594	-0.991829056428317	-0.0965815149529922	0.0833494678681299	0.121721599841564	-0.912045894093205	0.391607123530379	0.0381965306870338	0.398552754396594	0.916349675072984
2017	1	26	11	55	38.239	-0.296565490271	0.695744223011	1.64103294894	-0.0936853256294383	-0.913300201683818	0.396365741917745	-0.992264151010886	-0.0936853256294383	0.0814549837662031	0.118224540484959	-0.913300201683818	0.389750817358243	0.0378789208632786	0.396365741917745	0.917310953814588
2017	1	26	11	55	38.247	-0.29582008578	0.695813990287	1.64069369664	-0.0909041989496669	-0.914592108547148	0.394027539134767	-0.992668348002343	-0.0909041989496669	0.0796616437667362	0.114868815864481	-0.914592108547148	0.387719525076018	0.0376125778987703	0.394027539134767	0.918328695177935
2017	1	26	11	55	38.256	-0.295089635629	0.695890987541	1.64033293291	-0.0882454223258592	-0.915920638213307	0.391538158974906	-0.993041796819798	-0.0882454223258592	0.0779790690341796	0.111664744088878	-0.915920638213307	0.385513124838174	0.037402870163559	0.391538158974906	0.919401378816711
2017	1	26	11	55	38.264	-0.294376375378	0.695974634495	1.63995084655	-0.0857154803966212	-0.917284483300926	0.388898486903369	-0.993384848355767	-0.0857154803966212	0.0764159634995623	0.108621470794234	-0.917284483300926	0.383132552490455	0.0372547868023354	0.388898486903369	0.920527048893503
2017	1	26	11	55	38.272	-0.293682500067	0.696064283632	1.63954775513	-0.0833202216605068	-0.918682039414608	0.386110154126333	-0.993698016012478	-0.0833202216605068	0.0749799548900215	0.105747052513035	-0.918682039414608	0.380579651770588	0.0371727569285763	0.386110154126333	0.921703387767924
2017	1	26	11	55	38.28	-0.293010161155	0.696159241819	1.63912408147	-0.0810650222983027	-0.920111452499406	0.383175386917281	-0.993981939227098	-0.0810650222983027	0.07367745007879	0.103048548022657	-0.920111452499406	0.377856999048389	0.0371604795550205	0.383175386917281	0.922927798703687
2017	1	26	11	55	38.289	-0.292361460922	0.696258793428	1.63868032745	-0.0789549355072359	-0.921570676855019	0.380096837292853	-0.994237350077907	-0.0789549355072359	0.0725135150789886	0.100532111279466	-0.921570676855019	0.374967708159882	0.0372207779574206	0.380096837292853	0.924197494028314
2017	1	26	11	55	38.298	-0.291738445125	0.696362224301	1.63821704593	-0.0769948212425469	-0.923057540710605	0.376877399215073	-0.994465042993025	-0.0769948212425469	0.0714917881068074	0.0982030842860097	-0.923057540710605	0.371915219874105	0.0373554882392841	0.376877399215073	0.925509585827876
2017	1	26	11	55	38.317	-0.291143093707	0.696468845688	1.63773481268	-0.0751894484302695	-0.924569812916071	0.373520023411186	-0.994665848091051	-0.0751894484302695	0.0706144283136397	0.0960660832785202	-0.924569812916071	0.368703090152314	0.0375653867920288	0.373520023411186	0.926861172898117
2017	1	26	11	55	38.317	-0.290577308398	0.696578017	1.63723420131	-0.0735435593744249	-0.92610526268983	0.370027549369964	-0.99484060894256	-0.0735435593744249	0.0698820983753143	0.094125067645066	-0.92610526268983	0.365334797218951	0.0378501577223716	0.370027549369964	0.928249415980237
2017	1	26	11	55	38.322	-0.290042896372	0.696689166278	1.63671576356	-0.0720618894816949	-0.927661706269453	0.366402569321744	-0.994990165157269	-0.0720618894816949	0.0692939775495521	0.0923833831804161	-0.927661706269453	0.361813583539076	0.0382083989778458	0.366402569321744	0.929671595479809
2017	1	26	11	55	38.332	-0.289541549851	0.696801807476	1.63618001573	-0.0707491406926556	-0.929237037127593	0.362647332709869	-0.995115339722606	-0.0707491406926556	0.0688478012721697	0.0908437756597725	-0.929237037127593	0.358142342168877	0.0386376639127973	0.362647332709869	0.931125148949259
2017	1	26	11	55	38.339	-0.289074822416	0.696915553818	1.63562743156	-0.0696099119608989	-0.930829238107279	0.358763696102907	-0.995216930648122	-0.0696099119608989	0.0685399234616322	0.0895083752877793	-0.930829238107279	0.354323553038695	0.0391345334030258	0.358763696102907	0.932607687430202
2017	1	26	11	55	38.347	-0.288644103509	0.697030126566	1.63505844175	-0.0686485939641297	-0.932436374416685	0.354753122905797	-0.995295706234279	-0.0686485939641297	0.0683653983997461	0.088378656563321	-0.932436374416685	0.350359273787251	0.0396947126916231	0.354753122905797	0.934116990303096
2017	1	26	11	55	38.356	-0.288250592653	0.697145358504	1.63447344067	-0.0678692369977365	-0.934056566472639	0.350616738474776	-0.995352403281651	-0.0678692369977365	0.06831807923813	0.0874553801051466	-0.934056566472639	0.346251190784968	0.0403131463930399	0.350616738474776	0.935650978158632
2017	1	26	11	55	38.364	-0.287895274658	0.697261191527	1.63387280099	-0.0672754014994153	-0.93568794253217	0.346355445392456	-0.995387727650832	-0.0672754014994153	0.0683907303309815	0.0867385237428914	-0.93568794253217	0.342000734939003	0.040984144995552	0.346355445392456	0.937207663917649
2017	1	26	11	55	38.372	-0.287578896746	0.697377668067	1.63325689567	-0.066870000147774	-0.93732857472224	0.341970095314504	-0.99540235664673	-0.066870000147774	0.0685751519310893	0.0862272100669686	-0.93732857472224	0.337609258245743	0.0417015182721463	0.341970095314504	0.938785085780759
2017	1	26	11	55	38.381	-0.287301948395	0.697494916535	1.63262612462	-0.0666551383147182	-0.938976406609804	0.337461702073563	-0.995396942862805	-0.0666551383147182	0.0688623168040974	0.085919635575185	-0.938976406609804	0.333078255148498	0.0424587136169891	0.337461702073563	0.940381229752915
2017	1	26	11	55	38.389	-0.28706464438	0.697613131648	1.63198094317	-0.0666319557170665	-0.940629181179098	0.332831678167296	-0.995372119573191	-0.0666319557170665	0.0692425162287762	0.0858130020360458	-0.940629181179098	0.328409610389071	0.0432489567265505	0.332831678167296	0.941993949954248
2017	1	26	11	55	38.397	-0.286866911077	0.697732550803	1.63132189069	-0.0668004706588484	-0.942284374957767	0.328082083982357	-0.995328508142644	-0.0668004706588484	0.0697055090957261	0.0859034483954183	-0.942284374957767	0.323605862530681	0.0440653881443672	0.328082083982357	0.94362089195687
2017	1	26	11	55	38.406	-0.286708376263	0.697853427768	1.63064961892	-0.0671594326665329	-0.943939141405134	0.323215884398103	-0.995266727747185	-0.0671594326665329	0.0702406665922303	0.0861859857018679	-0.943939141405134	0.318670477440155	0.0449011860423402	0.323215884398103	0.945259422362318
2017	1	26	11	55	38.417	-0.286588363432	0.697976004899	1.62996491948	-0.0677061956903053	-0.945590266533367	0.318237205402672	-0.995187407110912	-0.0677061956903053	0.0708371074579285	0.0866544445312973	-0.945590266533367	0.313608123428474	0.0457496663466777	0.318237205402672	0.946906568319528
2017	1	26	11	55	38.422	-0.286505892018	0.698100485254	1.62926874909	-0.0684366241987207	-0.947234140871599	0.313151578050514	-0.995091197550605	-0.0684366241987207	0.0714838235238351	0.0873014460287122	-0.947234140871599	0.308424933960502	0.0466043568628468	0.313151578050514	0.948558971854609
2017	1	26	11	55	38.434	-0.286459684774	0.698227006384	1.62856225052	-0.0693450391333557	-0.9488667527439	0.307966152498679	-0.994978786484296	-0.0693450391333557	0.0721697997352845	0.0881184038138384	-0.9488667527439	0.303128739064028	0.0474590492481572	0.307966152498679	0.95021286434126
2017	1	26	11	55	38.439	-0.286448182596	0.698355617754	1.62784676688	-0.070424204518291	-0.950483707582162	0.302689862794961	-0.994850910694041	-0.070424204518291	0.0728841334530569	0.0890955580044411	-0.950483707582162	0.297729244725377	0.0483078361667584	0.302689862794961	0.951864065886539
2017	1	26	11	55	38.45	-0.286469565991	0.69848626355	1.62712384686	-0.0716653517671497	-0.952080276432005	0.297333524153007	-0.994708368898306	-0.0716653517671497	0.0736161544755104	0.0902220378025141	-0.952080276432005	0.292238141117682	0.0491451395199285	0.297333524153007	0.953508012906195
2017	1	26	11	55	38.456	-0.286521781919	0.698618772322	1.62639523972	-0.0730582380279545	-0.953651474222732	0.291909848359147	-0.994552033255858	-0.0730582380279545	0.0743555445336111	0.0914859476725322	-0.953651474222732	0.286669124761053	0.0499657335090539	0.291909848359147	0.955139814846937
2017	1	26	11	55	38.467	-0.286602574728	0.698752854444	1.62566287934	-0.0745912342734592	-0.955192165590811	0.286433368453289	-0.994382859383239	-0.0745912342734592	0.0750924545768437	0.0928744717044503	-0.955192165590811	0.281037825389315	0.0507647660334671	0.286433368453289	0.95675433835759
2017	1	26	11	55	38.472	-0.286709519567	0.698888107767	1.62492885781	-0.0762514368454665	-0.956697193532979	0.280920270299464	-0.994201894590645	-0.0762514368454665	0.0758176178165324	0.0943739891770057	-0.956697193532979	0.275361635041885	0.0515377818613718	0.280920270299464	0.958346314635626
2017	1	26	11	55	38.484	-0.286840056518	0.699024031191	1.62419538978	-0.0780247954981581	-0.958161524178931	0.275388134948801	-0.994010284183765	-0.0780247954981581	0.0765224556870798	0.0959701939802795	-0.958161524178931	0.269659443466191	0.0522807498444504	0.275388134948801	0.959910463702278
2017	1	26	11	55	38.501	-0.286991524439	0.699160045348	1.62346476913	-0.0798962553657177	-0.959580399390899	0.269855601170957	-0.993809275414443	-0.0798962553657177	0.0771991740807852	0.0976482153751485	-0.959580399390899	0.263951289329776	0.0529900946806852	0.269855601170957	0.961441628172191
2017	1	26	11	55	38.501	-0.287161195038	0.699295519126	1.62273931938	-0.0818499191267785	-0.960949487589802	0.264341962313659	-0.993600217910265	-0.0818499191267785	0.0778408485797366	0.0993927470531955	-0.960949487589802	0.258257941086262	0.0536627319644944	0.264341962313659	0.962934908578078
2017	1	26	11	55	38.517	-0.287346308882	0.699429800471	1.62202133967	-0.0838692444067641	-0.962265022349673	0.258866715908054	-0.993384558568033	-0.0838692444067641	0.0784414982087467	0.101188200756795	-0.962265022349673	0.252600425157967	0.0542961032321555	0.258866715908054	0.964385792392641
2017	1	26	11	55	38.517	-0.28754411474	0.699562249698	1.62131304909	-0.085937291199206	-0.963523918674502	0.253449087833185	-0.993163828820181	-0.085937291199206	0.0789961461375247	0.103018900808999	-0.963523918674502	0.246999522708519	0.0548882063775446	0.253449087833185	0.965790269508439
2017	1	26	11	55	38.522	-0.287751911315	0.699692273341	1.6206165325	-0.0880370202914544	-0.96472385862762	0.248107556621797	-0.992939623457224	-0.0880370202914544	0.0795008630571348	0.104869322498208	-0.96472385862762	0.241475261245129	0.0554376168985834	0.248107556621797	0.967144927598634
2017	1	26	11	55	38.531	-0.287967088015	0.699819356252	1.61993369198	-0.0901516270097251	-0.965863340474046	0.242859407221166	-0.992713571942086	-0.0901516270097251	0.0799527875029037	0.106724361242966	-0.965863340474046	0.236046432393285	0.0559434964876704	0.242859407221166	0.968447021537532
2017	1	26	11	55	38.539	-0.288187161149	0.699943089856	1.61926620715	-0.0922648845780605	-0.966941688849661	0.237720342920759	-0.992487304204442	-0.0922648845780605	0.0803501217596822	0.108569610788438	-0.966941688849661	0.230730167030263	0.0564055902038591	0.237720342920759	0.969694512697371
2017	1	26	11	55	38.551	-0.288409803752	0.700063195186	1.61861550671	-0.0943614670887118	-0.967959028310477	0.232704174954175	-0.99226241322999	-0.0943614670887118	0.0806921112616515	0.110391625787874	-0.967959028310477	0.225541589220586	0.0568242223607751	0.232704174954175	0.970886077102762
2017	1	26	11	55	38.556	-0.288632868932	0.700179539985	1.6179827506	-0.0964272263081905	-0.968916227357218	0.227822594117362	-0.992040416703245	-0.0964272263081905	0.080979019836996	0.112178147561952	-0.968916227357218	0.220493554494058	0.0572003045168517	0.227822594117362	0.972021085559781
2017	1	26	11	55	38.567	-0.288854406512	0.700292149467	1.61736882186	-0.0984494072873336	-0.969814821626507	0.223085019573972	-0.991822720088078	-0.0984494072873336	0.0812121057592955	0.113918279258239	-0.969814821626507	0.215596468905195	0.0575353592839056	0.223085019573972	0.973099561439503
2017	1	26	11	55	38.572	-0.28907267158	0.700401210769	1.61677432778	-0.100416793686848	-0.970656923618831	0.218498522137978	-0.99161058435897	-0.100416793686848	0.0813935902446501	0.115602599290905	-0.970656923618831	0.210858188524928	0.0578315486948735	0.218498522137978	0.974122121604407
2017	1	26	11	55	38.584	-0.289286124126	0.700507071472	1.61619960996	-0.102319777267157	-0.971445124777784	0.214067822723255	-0.99140510195302	-0.102319777267157	0.0815266030294515	0.117223204312678	-0.971445124777784	0.20628400305439	0.0580916878063516	0.214067822723255	0.975089905127899
2017	1	26	11	55	38.589	-0.289493421609	0.700610232639	1.61564476223	-0.104150357861397	-0.972182394448891	0.209795364298077	-0.991207182733475	-0.104150357861397	0.0816150957538576	0.118773686092816	-0.972182394448891	0.201876703498807	0.0583192282998809	0.209795364298077	0.976004494215853
2017	1	26	11	55	38.6	-0.28969340816	0.700711336892	1.61510965436	-0.105902091252938	-0.972871979423347	0.205681449628188	-0.991017549162541	-0.105902091252938	0.0816637270771152	0.120249060013936	-0.972871979423347	0.197636725379327	0.0585182092825476	0.205681449628188	0.976867831623711
2017	1	26	11	55	38.605	-0.289885103309	0.700811152419	1.61459395974	-0.107569999536865	-0.973517307949882	0.201724431642908	-0.99083673902522	-0.107569999536865	0.0816777313440194	0.121645661119324	-0.973517307949882	0.193562352364445	0.0586931829832855	0.201724431642908	0.977682138503939
2017	1	26	11	55	38.617	-0.290067690903	0.700910554153	1.61409718459	-0.109150446428719	-0.974121902869762	0.197920939755767	-0.990665115009161	-0.109150446428719	0.081662781903988	0.12296101096461	-0.974121902869762	0.189649962119574	0.05884912647141	0.197920939755767	0.978449836179529
2017	1	26	11	55	38.634	-0.290240507839	0.70101050342	1.61361869705	-0.110640974499449	-0.974689307939403	0.194266126101335	-0.990502881144398	-0.110640974499449	0.0816248565478537	0.124193652089909	-0.974689307939403	0.185894297301392	0.0589913487319642	0.194266126101335	0.979173474428492
2017	1	26	11	55	38.634	-0.290403032508	0.701112027132	1.61315775486	-0.1120401061538	-0.975223028992089	0.190753920894278	-0.990350105771991	-0.1120401061538	0.0815701085597685	0.125342951032372	-0.975223028992089	0.182288749927118	0.0591253974523932	0.190753920894278	0.979855667452894
2017	1	26	11	55	38.639	-0.290554873224	0.701216197311	1.61271353133	-0.113347117130072	-0.975726489230554	0.187377291185774	-0.99020675007655	-0.113347117130072	0.0815047430591485	0.126408877243023	-0.975726489230554	0.178825652432683	0.0592569646285925	0.187377291185774	0.980499037679735
2017	1	26	11	55	38.647	-0.290695756416	0.701324111457	1.61228513941	-0.114561795307753	-0.976202997005579	0.184128497775847	-0.990072700855019	-0.114561795307753	0.0814348947166571	0.12739176877462	-0.976202997005579	0.175496569441683	0.0593917862176434	0.184128497775847	0.981106167566328
2017	1	26	11	55	38.655	-0.290825513903	0.701436873776	1.61187165389	-0.115684205688394	-0.976655724140134	0.180999339939558	-0.989947805363997	-0.115684205688394	0.0813664993056227	0.12829210289083	-0.976655724140134	0.172292579179021	0.0595355271317509	0.180999339939558	0.98167956072773
2017	1	26	11	55	38.664	-0.290944069653	0.701555576735	1.61147213087	-0.116714493829695	-0.977087692138564	0.177981372062956	-0.989831904530985	-0.116714493829695	0.0813051517595287	0.129110301047031	-0.977087692138564	0.169204527229266	0.0596936423424371	0.177981372062956	0.982221614638204
2017	1	26	11	55	38.672	-0.291051427641	0.701681282246	1.61108562426	-0.11765275719908	-0.977501762648089	0.175066081076073	-0.989724860290743	-0.11765275719908	0.0812559514492607	0.129846596929593	-0.977501762648089	0.166223239306914	0.059871213352279	0.175066081076073	0.982734605612518
2017	1	26	11	55	38.684	-0.291147661579	0.701815002733	1.61071119958	-0.118498989260255	-0.977900628673172	0.17224502891205	-0.989626574892566	-0.118498989260255	0.0812233452321844	0.130500974642438	-0.977900628673172	0.16333969529171	0.0600727715673455	0.17224502891205	0.983220683331725
2017	1	26	11	55	38.689	-0.291232905436	0.701957683137	1.61034794661	-0.11925307738484	-0.978286804646652	0.16950997430384	-0.98953700287583	-0.11925307738484	0.081210981238779	0.131073161568083	-0.978286804646652	0.160545177974271	0.0603021248055757	0.16950997430384	0.983681870502575
2017	1	26	11	55	38.701	-0.291307343476	0.702110184982	1.60999499182	-0.119914833563326	-0.978662615157313	0.166852984345288	-0.989456157234473	-0.119914833563326	0.0812215833523959	0.131562657325915	-0.978662615157313	0.157831406541262	0.0605622003244125	0.166852984345288	0.984120064578981
2017	1	26	11	55	38.706	-0.291371200036	0.702273273075	1.60965151053	-0.120484049030188	-0.979030182539041	0.164266538305469	-0.989384110121111	-0.120484049030188	0.081256855520918	0.131968791401548	-0.979030182539041	0.155190656205797	0.0608549154618665	0.164266538305469	0.984537040266778
2017	1	26	11	55	38.717	-0.291424730328	0.702447605043	1.60931673839	-0.120960572223235	-0.979391413454961	0.161743621877715	-0.989320987424611	-0.120960572223235	0.0813174262296838	0.132290809994105	-0.979391413454961	0.152615860387435	0.061181087210804	0.161743621877715	0.98493445231121
2017	1	26	11	55	38.722	-0.29146821323	0.70263372388	1.60898998134	-0.121344407139578	-0.979747985601892	0.159277806253664	-0.989266957240253	-0.121344407139578	0.0814028388236914	0.132527989213444	-0.979747985601892	0.150100688819461	0.0615403882637474	0.159277806253664	0.985313838859156
2017	1	26	11	55	38.734	-0.291501945964	0.702832053444	1.60867062222	-0.121635822186036	-0.98010133730451	0.156863301555968	-0.989222213937821	-0.121635822186036	0.0815115833061891	0.132679762986501	-0.98010133730451	0.147639591938469	0.0619313486515573	0.156863301555968	0.985676626830098
2017	1	26	11	55	38.75	-0.291526239889	0.703042896648	1.60835812242	-0.121835456763985	-0.980452662783784	0.15449497569597	-0.989186960279492	-0.121835456763985	0.0816411605020965	0.132745850651133	-0.980452662783784	0.145227804414631	0.0623513973213516	0.15449497569597	0.98602414054463
2017	1	26	11	55	38.751	-0.291541416857	0.703266436038	1.60805201913	-0.121944415690644	-0.980802913601429	0.152168341493279	-0.9891613893743	-0.121944415690644	0.0817881730629317	0.132726373400176	-0.980802913601429	0.142861312030182	0.0627969392179419	0.152168341493279	0.986357612771373
2017	1	26	11	55	38.767	-0.291547805899	0.703502736342	1.60775191948	-0.121964345984593	-0.981152804565178	0.149879526295073	-0.989145667354626	-0.121964345984593	0.0819484414868455	0.13262195441203	-0.981152804565178	0.140536796967266	0.0632634646656818	0.149879526295073	0.986678195581547
2017	1	26	11	55	38.767	-0.291545740175	0.703751748571	1.60745749402	-0.121897493082521	-0.981502822206149	0.147625238972074	-0.989139917337572	-0.121897493082521	0.0821171426050532	0.132433799983221	-0.981502822206149	0.138251577290711	0.0637456865319226	0.147625238972074	0.98698696864093
2017	1	26	11	55	38.784	-0.291535554201	0.704013315084	1.60716847044	-0.121746735179732	-0.981853234843247	0.145402743099736	-0.989144205165072	-0.121746735179732	0.0822889656116469	0.13216375993245	-0.981853234843247	0.136003550646185	0.0642376988136758	0.145402743099736	0.987284943848632
2017	1	26	11	55	38.784	-0.291517581486	0.704287175145	1.60688462854	-0.121515596056673	-0.982204103912437	0.143209839649931	-0.989158527271429	-0.121515596056673	0.082458279397583	0.131814366765504	-0.982204103912437	0.133791146836315	0.0647331494709436	0.143209839649931	0.987573066252322
2017	1	26	11	55	38.789	-0.291492152904	0.704572970594	1.60660579611	-0.121208239727116	-0.982555296600137	0.141044857209585	-0.989182800622709	-0.121208239727116	0.082619305095531	0.131388855815897	-0.982555296600137	0.131613288426388	0.065225420808177	0.141044857209585	0.987852211990804
2017	1	26	11	55	38.8	-0.291459596433	0.704870251445	1.60633184537	-0.120829452795932	-0.982906500030839	0.13890664323265	-0.989216854287439	-0.120829452795932	0.0827662886125685	0.130891171012796	-0.982906500030839	0.129469353702048	0.0657078118990606	0.13890664323265	0.988123184588478
2017	1	26	11	55	38.806	-0.291420238519	0.70517848146	1.6060626893	-0.120384618202501	-0.98325723719515	0.136794551074226	-0.989260422456807	-0.120384618202501	0.0828936684000518	0.130325958955161	-0.98325723719515	0.12735913758258	0.0661737182195271	0.136794551074226	0.988386710662079
2017	1	26	11	55	38.817	-0.291374406527	0.705497044055	1.60579827807	-0.11987967774734	-0.983606884761247	0.134708422578057	-0.989313139532135	-0.11987967774734	0.0829962337233776	0.129698548166014	-0.983606884761247	0.125282811486263	0.0666168038313138	0.134708422578057	0.988643435387012
2017	1	26	11	55	38.822	-0.291322431277	0.705825249089	1.60553859594	-0.119321077852687	-0.983954693056536	0.132648567244773	-0.989374538236691	-0.119321077852687	0.0830692691011933	0.129014907698226	-0.983954693056536	0.123240884464679	0.0670311620110514	0.132648567244773	0.988893917934253
2017	1	26	11	55	38.834	-0.291264649077	0.706162340888	1.60528365846	-0.118715696416811	-0.98429980833383	0.13061573694719	-0.98944405123011	-0.118715696416811	0.0831086813131961	0.128281582661702	-0.98429980833383	0.121234165414684	0.0674114607107411	0.13061573694719	0.98913862740598
2017	1	26	11	55	38.839	-0.291201403217	0.706507507615	1.60503350982	-0.118070753277367	-0.984641296899196	0.128611094627112	-0.989521016087854	-0.118070753277367	0.0831111060026022	0.127505608957062	-0.984641296899196	0.1192637251018	0.0677530693396945	0.128611094627112	0.989377939886405
2017	1	26	11	55	38.85	-0.291133045112	0.70685989182	1.60478822014	-0.117393708644439	-0.984978170314981	0.126636176401757	-0.989604683250953	-0.117393708644439	0.0830739914683657	0.126694411529073	-0.984978170314981	0.117330857366059	0.0680521636326397	0.126636176401757	0.989612137077582
2017	1	26	11	55	38.855	-0.291059935208	0.707218601955	1.60454788283	-0.116692153737762	-0.985309410869226	0.124692847062613	-0.989694226533341	-0.116692153737762	0.0829956578539689	0.125855690498196	-0.985309410869226	0.115437039210818	0.0683058060181771	0.124692847062613	0.989841406870629
2017	1	26	11	55	38.867	-0.290982443612	0.707582724614	1.60431261133	-0.115973696855042	-0.985633996672102	0.122783249028328	-0.98978875585563	-0.115973696855042	0.0828753305847981	0.124997298657638	-0.985633996672102	0.113583889405456	0.0685119997522913	0.122783249028328	0.990065846117312
2017	1	26	11	55	38.872	-0.290900950264	0.707951337376	1.60408253558	-0.115245847278776	-0.985950925922073	0.120909744679265	-0.989887331915865	-0.115245847278776	0.082713147670047	0.124127113118373	-0.985950925922073	0.11177312495545	0.0686697160427247	0.120909744679265	0.990285465782573
2017	1	26	11	55	38.88	-0.290815844515	0.708323522122	1.60385779744	-0.114515899398713	-0.986259239937034	0.119074852188566	-0.989988982443889	-0.114515899398713	0.0825101413440583	0.123252903973081	-0.986259239937034	0.110006514811748	0.068778894305703	0.119074852188566	0.990500198523128
2017	1	26	11	55	38.89	-0.290727524103	0.708698378602	1.60363854547	-0.113790820621148	-0.986558044313349	0.117281176422249	-0.990092719503906	-0.113790820621148	0.0822681951164905	0.122382204189615	-0.986558044313349	0.108285831475371	0.0688404160580881	0.117281176422249	0.99070990848682
2017	1	26	11	55	38.898	-0.290636393772	0.709075037582	1.6034249295	-0.113077148279181	-0.986846527149002	0.115531339432219	-0.990197557114273	-0.113077148279181	0.0819899775702778	0.121522186781988	-0.986846527149002	0.106612803985629	0.068856052781511	0.115531339432219	0.990914402763603
2017	1	26	11	55	38.906	-0.290542863817	0.709452672671	1.6032170961	-0.112380901369251	-0.987123973123369	0.113827917017618	-0.990302528380994	-0.112380901369251	0.0816788546053754	0.120679556045722	-0.987123973123369	0.104989077706886	0.0688283882915979	0.113827917017618	0.991113443694823
2017	1	26	11	55	38.914	-0.290447348701	0.709830510029	1.60301518537	-0.111707511106664	-0.987389772788532	0.112173386125967	-0.990406701533825	-0.111707511106664	0.0813387823811233	0.119860457702905	-0.987389772788532	0.103416184767477	0.0687607172456715	0.112173386125967	0.99130676140582
2017	1	26	11	55	38.922	-0.290350265593	0.710207835495	1.60281932914	-0.111061771256984	-0.987643427439392	0.110570082757639	-0.990509194564656	-0.111061771256984	0.0809741838374279	0.119070409413738	-0.987643427439392	0.101895524130428	0.0686569230662207	0.110570082757639	0.991494066403853
2017	1	26	11	55	38.933	-0.290252033003	0.710583998923	1.60262964969	-0.110447807386749	-0.987884550593987	0.109020165754673	-0.990609188237043	-0.110447807386749	0.0805898133997538	0.118314251091823	-0.987884550593987	0.100428346029883	0.0685213409743907	0.109020165754673	0.991675062351522
2017	1	26	11	55	38.939	-0.29015307017	0.710958415741	1.60244625842	-0.109869064453794	-0.988112866785141	0.107525583791477	-0.99070593699082	-0.109869064453794	0.080190617201703	0.117596115033739	-0.988112866785141	0.0990157372472752	0.0683586142348839	0.107525583791477	0.991849458683216
2017	1	26	11	55	38.95	-0.290053797731	0.711330565901	1.60226925493	-0.109328312851649	-0.988328207555288	0.106088049089251	-0.990798777194812	-0.109328312851649	0.0797815963632998	0.116919416884643	-0.988328207555288	0.0976586099937253	0.0681735510635884	0.106088049089251	0.992016982100517
2017	1	26	11	55	38.956	-0.289954639245	0.711699990448	1.6020987271	-0.108827671968739	-0.988530504441732	0.104709023498646	-0.990887132621974	-0.108827671968739	0.0793676774138395	0.116286867106843	-0.988530504441732	0.0963576998825248	0.0679709860357939	0.104709023498646	0.992177386083397
2017	1	26	11	55	38.967	-0.289856022744	0.712066285875	1.60193475259	-0.108368648862269	-0.988719779260619	0.103389719230677	-0.990970517406372	-0.108368648862269	0.07895359127433	0.11570050060842	-0.988719779260619	0.0951135755704357	0.0677556476635614	0.103389719230677	0.992330458147432
2017	1	26	11	55	38.973	-0.289758381723	0.712429096506	1.60177740172	-0.107952188830298	-0.98889613238063	0.102131113228923	-0.991048536810248	-0.107952188830298	0.0785437624067947	0.115161721143506	-0.98889613238063	0.0939266593992189	0.0675320343950388	0.102131113228923	0.992476024920042
2017	1	26	11	55	38.984	-0.289662155257	0.712788105194	1.6016267415	-0.107578734562266	-0.989059729727081	0.100933972983208	-0.991120886087802	-0.107578734562266	0.0781422102996303	0.11467135695166	-0.989059729727081	0.092797257109563	0.0673043019085331	0.100933972983208	0.992613955192264
2017	1	26	11	55	39.001	-0.289567787008	0.713143022718	1.60148284025	-0.107248290301386	-0.989210789256565	0.0997988910050262	-0.991187347792511	-0.107248290301386	0.0777524649350615	0.114229723767373	-0.989210789256565	0.0917255941732358	0.0670761640530974	0.0997988910050262	0.992744161186601
